 2.00000   7.49968
 2.02000   7.36224
 2.04000   7.22875
 2.06000   7.09905
 2.08000   6.97301
 2.10000   6.85048
 2.12000   6.73133
 2.14000   6.61544
 2.16000   6.50269
 2.18000   6.39296
 2.20000   6.28616
 2.22000   6.18217
 2.24000   6.08089
 2.26000   5.98224
 2.28000   5.88611
 2.30000   5.79243
 2.32000   5.70112
 2.34000   5.61208
 2.36000   5.52525
 2.38000   5.44055
 2.40000   5.35791
 2.42000   5.27727
 2.44000   5.19856
 2.46000   5.12172
 2.48000   5.04669
 2.50000   4.97341
 2.52000   4.90183
 2.54000   4.83190
 2.56000   4.76356
 2.58000   4.69677
 2.60000   4.63147
 2.62000   4.56764
 2.64000   4.50521
 2.66000   4.44415
 2.68000   4.38443
 2.70000   4.32599
 2.72000   4.26881
 2.74000   4.21285
 2.76000   4.15806
 2.78000   4.10443
 2.80000   4.05192
 2.82000   4.00049
 2.84000   3.95012
 2.86000   3.90077
 2.88000   3.85242
 2.90000   3.80505
 2.92000   3.75862
 2.94000   3.71311
 2.96000   3.66850
 2.98000   3.62476
 3.00000   3.58187
 3.02000   3.53981
 3.04000   3.49855
 3.06000   3.45808
 3.08000   3.41838
 3.10000   3.37942
 3.12000   3.34119
 3.14000   3.30367
 3.16000   3.26684
 3.18000   3.23068
 3.20000   3.19519
 3.22000   3.16033
 3.24000   3.12610
 3.26000   3.09249
 3.28000   3.05947
 3.30000   3.02703
 3.32000   2.99516
 3.34000   2.96385
 3.36000   2.93308
 3.38000   2.90284
 3.40000   2.87312
 3.42000   2.84390
 3.44000   2.81518
 3.46000   2.78694
 3.48000   2.75917
 3.50000   2.73187
 3.52000   2.70502
 3.54000   2.67861
 3.56000   2.65263
 3.58000   2.62708
 3.60000   2.60193
 3.62000   2.57720
 3.64000   2.55286
 3.66000   2.52890
 3.68000   2.50533
 3.70000   2.48212
 3.72000   2.45928
 3.74000   2.43680
 3.76000   2.41466
 3.78000   2.39287
 3.80000   2.37141
 3.82000   2.35027
 3.84000   2.32946
 3.86000   2.30897
 3.88000   2.28878
 3.90000   2.26889
 3.92000   2.24930
 3.94000   2.23000
 3.96000   2.21098
 3.98000   2.19224
 4.00000   2.17378
 4.02000   2.15558
 4.04000   2.13765
 4.06000   2.11998
 4.08000   2.10256
 4.10000   2.08539
 4.12000   2.06846
 4.14000   2.05177
 4.16000   2.03532
 4.18000   2.01910
 4.20000   2.00310
 4.22000   1.98733
 4.24000   1.97177
 4.26000   1.95643
 4.28000   1.94131
 4.30000   1.92638
 4.32000   1.91167
 4.34000   1.89715
 4.36000   1.88283
 4.38000   1.86870
 4.40000   1.85476
 4.42000   1.84101
 4.44000   1.82745
 4.46000   1.81406
 4.48000   1.80086
 4.50000   1.78782
 4.52000   1.77496
 4.54000   1.76228
 4.56000   1.74975
 4.58000   1.73740
 4.60000   1.72520
 4.62000   1.71317
 4.64000   1.70129
 4.66000   1.68957
 4.68000   1.67800
 4.70000   1.66659
 4.72000   1.65532
 4.74000   1.64420
 4.76000   1.63323
 4.78000   1.62241
 4.80000   1.61172
 4.82000   1.60118
 4.84000   1.59078
 4.86000   1.58052
 4.88000   1.57040
 4.90000   1.56042
 4.92000   1.55057
 4.94000   1.54086
 4.96000   1.53129
 4.98000   1.52186
 5.00000   1.51256
 5.02000   1.50340
 5.04000   1.49437
 5.06000   1.48549
 5.08000   1.47674
 5.10000   1.46814
 5.12000   1.45968
 5.14000   1.45137
 5.16000   1.44321
 5.18000   1.43521
 5.20000   1.42736
 5.22000   1.41968
 5.24000   1.41216
 5.26000   1.40482
 5.28000   1.39766
 5.30000   1.39069
 5.32000   1.38392
 5.34000   1.37735
 5.36000   1.37100
 5.38000   1.36486
 5.40000   1.35895
 5.42000   1.35326
 5.44000   1.34779
 5.46000   1.34253
 5.48000   1.33745
 5.50000   1.33252
 5.52000   1.32769
 5.54000   1.32288
 5.56000   1.31800
 5.58000   1.31297
 5.60000   1.30765
 5.62000   1.30194
 5.64000   1.29577
 5.66000   1.28906
 5.68000   1.28182
 5.70000   1.27406
 5.72000   1.26587
 5.74000   1.25735
 5.76000   1.24862
 5.78000   1.23977
 5.80000   1.23093
 5.82000   1.22216
 5.84000   1.21354
 5.86000   1.20510
 5.88000   1.19688
 5.90000   1.18888
 5.92000   1.18111
 5.94000   1.17356
 5.96000   1.16623
 5.98000   1.15910
 6.00000   1.15217
 6.02000   1.14542
 6.04000   1.13885
 6.06000   1.13243
 6.08000   1.12616
 6.10000   1.12003
 6.12000   1.11402
 6.14000   1.10815
 6.16000   1.10238
 6.18000   1.09672
 6.20000   1.09117
 6.22000   1.08572
 6.24000   1.08035
 6.26000   1.07508
 6.28000   1.06989
 6.30000   1.06478
 6.32000   1.05975
 6.34000   1.05480
 6.36000   1.04992
 6.38000   1.04510
 6.40000   1.04035
 6.42000   1.03565
 6.44000   1.03100
 6.46000   1.02639
 6.48000   1.02182
 6.50000   1.01729
 6.52000   1.01277
 6.54000   1.00828
 6.56000   1.00380
 6.58000   0.99934
 6.60000   0.99491
 6.62000   0.99051
 6.64000   0.98613
 6.66000   0.98179
 6.68000   0.97749
 6.70000   0.97324
 6.72000   0.96903
 6.74000   0.96486
 6.76000   0.96075
 6.78000   0.95668
 6.80000   0.95265
 6.82000   0.94867
 6.84000   0.94474
 6.86000   0.94085
 6.88000   0.93700
 6.90000   0.93320
 6.92000   0.92943
 6.94000   0.92570
 6.96000   0.92202
 6.98000   0.91837
 7.00000   0.91475
 7.02000   0.91118
 7.04000   0.90763
 7.06000   0.90413
 7.08000   0.90065
 7.10000   0.89721
 7.12000   0.89380
 7.14000   0.89043
 7.16000   0.88709
 7.18000   0.88377
 7.20000   0.88049
 7.22000   0.87724
 7.24000   0.87402
 7.26000   0.87083
 7.28000   0.86766
 7.30000   0.86453
 7.32000   0.86142
 7.34000   0.85834
 7.36000   0.85529
 7.38000   0.85227
 7.40000   0.84927
 7.42000   0.84631
 7.44000   0.84336
 7.46000   0.84045
 7.48000   0.83756
 7.50000   0.83469
 7.52000   0.83186
 7.54000   0.82904
 7.56000   0.82626
 7.58000   0.82349
 7.60000   0.82076
 7.62000   0.81804
 7.64000   0.81535
 7.66000   0.81269
 7.68000   0.81005
 7.70000   0.80743
 7.72000   0.80484
 7.74000   0.80227
 7.76000   0.79973
 7.78000   0.79721
 7.80000   0.79471
 7.82000   0.79224
 7.84000   0.78979
 7.86000   0.78736
 7.88000   0.78496
 7.90000   0.78258
 7.92000   0.78023
 7.94000   0.77790
 7.96000   0.77559
 7.98000   0.77331
 8.00000   0.77105
 8.02000   0.76882
 8.04000   0.76661
 8.06000   0.76442
 8.08000   0.76227
 8.10000   0.76014
 8.12000   0.75803
 8.14000   0.75595
 8.16000   0.75390
 8.18000   0.75188
 8.20000   0.74989
 8.22000   0.74793
 8.24000   0.74599
 8.26000   0.74409
 8.28000   0.74223
 8.30000   0.74040
 8.32000   0.73860
 8.34000   0.73685
 8.36000   0.73514
 8.38000   0.73347
 8.40000   0.73185
 8.42000   0.73027
 8.44000   0.72875
 8.46000   0.72728
 8.48000   0.72586
 8.50000   0.72450
 8.52000   0.72319
 8.54000   0.72194
 8.56000   0.72073
 8.58000   0.71958
 8.60000   0.71847
 8.62000   0.71741
 8.64000   0.71638
 8.66000   0.71538
 8.68000   0.71442
 8.70000   0.71349
 8.72000   0.71257
 8.74000   0.71165
 8.76000   0.71072
 8.78000   0.70975
 8.80000   0.70870
 8.82000   0.70754
 8.84000   0.70621
 8.86000   0.70470
 8.88000   0.70298
 8.90000   0.70104
 8.92000   0.69889
 8.94000   0.69657
 8.96000   0.69411
 8.98000   0.69155
 9.00000   0.68894
 9.02000   0.68632
 9.04000   0.68372
 9.06000   0.68117
 9.08000   0.67868
 9.10000   0.67626
 9.12000   0.67392
 9.14000   0.67166
 9.16000   0.66949
 9.18000   0.66738
 9.20000   0.66535
 9.22000   0.66339
 9.24000   0.66149
 9.26000   0.65965
 9.28000   0.65787
 9.30000   0.65614
 9.32000   0.65445
 9.34000   0.65281
 9.36000   0.65120
 9.38000   0.64964
 9.40000   0.64811
 9.42000   0.64661
 9.44000   0.64514
 9.46000   0.64371
 9.48000   0.64230
 9.50000   0.64091
 9.52000   0.63956
 9.54000   0.63822
 9.56000   0.63691
 9.58000   0.63563
 9.60000   0.63436
 9.62000   0.63312
 9.64000   0.63190
 9.66000   0.63070
 9.68000   0.62952
 9.70000   0.62836
 9.72000   0.62723
 9.74000   0.62611
 9.76000   0.62502
 9.78000   0.62394
 9.80000   0.62289
 9.82000   0.62186
 9.84000   0.62086
 9.86000   0.61987
 9.88000   0.61891
 9.90000   0.61798
 9.92000   0.61707
 9.94000   0.61620
 9.96000   0.61535
 9.98000   0.61453
10.00000   0.61374
10.02000   0.61299
10.04000   0.61228
10.06000   0.61161
10.08000   0.61098
10.10000   0.61040
10.12000   0.60986
10.14000   0.60939
10.16000   0.60897
10.18000   0.60862
10.20000   0.60833
10.22000   0.60812
10.24000   0.60799
10.26000   0.60795
10.28000   0.60799
10.30000   0.60811
10.32000   0.60833
10.34000   0.60862
10.36000   0.60899
10.38000   0.60941
10.40000   0.60984
10.42000   0.61027
10.44000   0.61063
10.46000   0.61087
10.48000   0.61094
10.50000   0.61077
10.52000   0.61032
10.54000   0.60957
10.56000   0.60850
10.58000   0.60714
10.60000   0.60552
10.62000   0.60371
10.64000   0.60175
10.66000   0.59972
10.68000   0.59767
10.70000   0.59564
10.72000   0.59366
10.74000   0.59175
10.76000   0.58994
10.78000   0.58824
10.80000   0.58663
10.82000   0.58513
10.84000   0.58373
10.86000   0.58243
10.88000   0.58122
10.90000   0.58010
10.92000   0.57907
10.94000   0.57812
10.96000   0.57725
10.98000   0.57646
11.00000   0.57574
11.02000   0.57510
11.04000   0.57453
11.06000   0.57402
11.08000   0.57359
11.10000   0.57323
11.12000   0.57293
11.14000   0.57269
11.16000   0.57251
11.18000   0.57236
11.20000   0.57224
11.22000   0.57213
11.24000   0.57199
11.26000   0.57181
11.28000   0.57154
11.30000   0.57118
11.32000   0.57068
11.34000   0.57004
11.36000   0.56926
11.38000   0.56834
11.40000   0.56731
11.42000   0.56619
11.44000   0.56501
11.46000   0.56380
11.48000   0.56259
11.50000   0.56139
11.52000   0.56022
11.54000   0.55909
11.56000   0.55801
11.58000   0.55698
11.60000   0.55600
11.62000   0.55507
11.64000   0.55419
11.66000   0.55335
11.68000   0.55255
11.70000   0.55180
11.72000   0.55108
11.74000   0.55039
11.76000   0.54974
11.78000   0.54911
11.80000   0.54851
11.82000   0.54794
11.84000   0.54739
11.86000   0.54686
11.88000   0.54634
11.90000   0.54585
11.92000   0.54538
11.94000   0.54492
11.96000   0.54448
11.98000   0.54405
12.00000   0.54363
12.02000   0.54323
12.04000   0.54284
12.06000   0.54247
12.08000   0.54210
12.10000   0.54175
12.12000   0.54140
12.14000   0.54107
12.16000   0.54075
12.18000   0.54044
12.20000   0.54014
12.22000   0.53985
12.24000   0.53957
12.26000   0.53929
12.28000   0.53903
12.30000   0.53878
12.32000   0.53853
12.34000   0.53830
12.36000   0.53807
12.38000   0.53786
12.40000   0.53765
12.42000   0.53745
12.44000   0.53726
12.46000   0.53708
12.48000   0.53691
12.50000   0.53675
12.52000   0.53660
12.54000   0.53646
12.56000   0.53633
12.58000   0.53621
12.60000   0.53610
12.62000   0.53600
12.64000   0.53591
12.66000   0.53584
12.68000   0.53577
12.70000   0.53572
12.72000   0.53568
12.74000   0.53564
12.76000   0.53562
12.78000   0.53561
12.80000   0.53561
12.82000   0.53563
12.84000   0.53565
12.86000   0.53568
12.88000   0.53572
12.90000   0.53577
12.92000   0.53584
12.94000   0.53591
12.96000   0.53599
12.98000   0.53608
13.00000   0.53617
13.02000   0.53625
13.04000   0.53633
13.06000   0.53640
13.08000   0.53646
13.10000   0.53650
13.12000   0.53652
13.14000   0.53653
13.16000   0.53652
13.18000   0.53651
13.20000   0.53650
13.22000   0.53649
13.24000   0.53649
13.26000   0.53650
13.28000   0.53653
13.30000   0.53658
13.32000   0.53665
13.34000   0.53673
13.36000   0.53684
13.38000   0.53697
13.40000   0.53712
13.42000   0.53730
13.44000   0.53749
13.46000   0.53771
13.48000   0.53796
13.50000   0.53822
13.52000   0.53851
13.54000   0.53882
13.56000   0.53914
13.58000   0.53948
13.60000   0.53982
13.62000   0.54018
13.64000   0.54053
13.66000   0.54088
13.68000   0.54122
13.70000   0.54155
13.72000   0.54188
13.74000   0.54219
13.76000   0.54251
13.78000   0.54282
13.80000   0.54315
13.82000   0.54349
13.84000   0.54386
13.86000   0.54425
13.88000   0.54468
13.90000   0.54515
13.92000   0.54566
13.94000   0.54622
13.96000   0.54682
13.98000   0.54748
14.00000   0.54820
14.02000   0.54898
14.04000   0.54983
14.06000   0.55074
14.08000   0.55173
14.10000   0.55280
14.12000   0.55395
14.14000   0.55519
14.16000   0.55652
14.18000   0.55794
14.20000   0.55944
14.22000   0.56103
14.24000   0.56268
14.26000   0.56438
14.28000   0.56610
14.30000   0.56781
14.32000   0.56946
14.34000   0.57100
14.36000   0.57237
14.38000   0.57353
14.40000   0.57442
14.42000   0.57503
14.44000   0.57535
14.46000   0.57541
14.48000   0.57523
14.50000   0.57487
14.52000   0.57440
14.54000   0.57387
14.56000   0.57334
14.58000   0.57285
14.60000   0.57244
14.62000   0.57212
14.64000   0.57191
14.66000   0.57180
14.68000   0.57181
14.70000   0.57190
14.72000   0.57208
14.74000   0.57232
14.76000   0.57258
14.78000   0.57286
14.80000   0.57312
14.82000   0.57335
14.84000   0.57352
14.86000   0.57365
14.88000   0.57372
14.90000   0.57376
14.92000   0.57378
14.94000   0.57379
14.96000   0.57382
14.98000   0.57388
15.00000   0.57398
15.02000   0.57413
15.04000   0.57433
15.06000   0.57460
15.08000   0.57493
15.10000   0.57533
15.12000   0.57578
15.14000   0.57631
15.16000   0.57689
15.18000   0.57753
15.20000   0.57824
15.22000   0.57900
15.24000   0.57982
15.26000   0.58070
15.28000   0.58164
15.30000   0.58262
15.32000   0.58365
15.34000   0.58472
15.36000   0.58582
15.38000   0.58693
15.40000   0.58805
15.42000   0.58915
15.44000   0.59022
15.46000   0.59122
15.48000   0.59216
15.50000   0.59301
15.52000   0.59378
15.54000   0.59447
15.56000   0.59508
15.58000   0.59564
15.60000   0.59617
15.62000   0.59668
15.64000   0.59719
15.66000   0.59771
15.68000   0.59826
15.70000   0.59884
15.72000   0.59946
15.74000   0.60012
15.76000   0.60082
15.78000   0.60156
15.80000   0.60234
15.82000   0.60316
15.84000   0.60402
15.86000   0.60491
15.88000   0.60584
15.90000   0.60680
15.92000   0.60779
15.94000   0.60880
15.96000   0.60985
15.98000   0.61092
16.00000   0.61201
16.02000   0.61313
16.04000   0.61428
16.06000   0.61544
16.08000   0.61663
16.10000   0.61784
16.12000   0.61907
16.14000   0.62033
16.16000   0.62160
16.18000   0.62289
16.20000   0.62421
16.22000   0.62554
16.24000   0.62690
16.26000   0.62828
16.28000   0.62967
16.30000   0.63109
16.32000   0.63253
16.34000   0.63399
16.36000   0.63547
16.38000   0.63697
16.40000   0.63849
16.42000   0.64004
16.44000   0.64160
16.46000   0.64318
16.48000   0.64479
16.50000   0.64641
16.52000   0.64805
16.54000   0.64971
16.56000   0.65139
16.58000   0.65309
16.60000   0.65480
16.62000   0.65655
16.64000   0.65831
16.66000   0.66010
16.68000   0.66192
16.70000   0.66377
16.72000   0.66565
16.74000   0.66756
16.76000   0.66950
16.78000   0.67148
16.80000   0.67350
16.82000   0.67556
16.84000   0.67764
16.86000   0.67977
16.88000   0.68192
16.90000   0.68411
16.92000   0.68631
16.94000   0.68853
16.96000   0.69075
16.98000   0.69297
17.00000   0.69517
17.02000   0.69736
17.04000   0.69952
17.06000   0.70165
17.08000   0.70376
17.10000   0.70586
17.12000   0.70795
17.14000   0.71005
17.16000   0.71216
17.18000   0.71429
17.20000   0.71646
17.22000   0.71866
17.24000   0.72090
17.26000   0.72319
17.28000   0.72551
17.30000   0.72788
17.32000   0.73028
17.34000   0.73273
17.36000   0.73522
17.38000   0.73774
17.40000   0.74031
17.42000   0.74291
17.44000   0.74557
17.46000   0.74827
17.48000   0.75103
17.50000   0.75384
17.52000   0.75671
17.54000   0.75964
17.56000   0.76263
17.58000   0.76568
17.60000   0.76880
17.62000   0.77198
17.64000   0.77522
17.66000   0.77851
17.68000   0.78185
17.70000   0.78523
17.72000   0.78863
17.74000   0.79205
17.76000   0.79545
17.78000   0.79884
17.80000   0.80220
17.82000   0.80551
17.84000   0.80879
17.86000   0.81204
17.88000   0.81528
17.90000   0.81850
17.92000   0.82175
17.94000   0.82503
17.96000   0.82835
17.98000   0.83174
18.00000   0.83520
18.02000   0.83874
18.04000   0.84236
18.06000   0.84607
18.08000   0.84987
18.10000   0.85375
18.12000   0.85774
18.14000   0.86181
18.16000   0.86598
18.18000   0.87023
18.20000   0.87458
18.22000   0.87900
18.24000   0.88350
18.26000   0.88804
18.28000   0.89263
18.30000   0.89724
18.32000   0.90184
18.34000   0.90642
18.36000   0.91096
18.38000   0.91545
18.40000   0.91990
18.42000   0.92430
18.44000   0.92868
18.46000   0.93305
18.48000   0.93744
18.50000   0.94188
18.52000   0.94638
18.54000   0.95096
18.56000   0.95563
18.58000   0.96040
18.60000   0.96527
18.62000   0.97025
18.64000   0.97533
18.66000   0.98052
18.68000   0.98580
18.70000   0.99118
18.72000   0.99665
18.74000   1.00222
18.76000   1.00789
18.78000   1.01366
18.80000   1.01954
18.82000   1.02554
18.84000   1.03165
18.86000   1.03790
18.88000   1.04428
18.90000   1.05079
18.92000   1.05744
18.94000   1.06424
18.96000   1.07119
18.98000   1.07830
19.00000   1.08555
19.02000   1.09297
19.04000   1.10054
19.06000   1.10826
19.08000   1.11613
19.10000   1.12413
19.12000   1.13225
19.14000   1.14045
19.16000   1.14870
19.18000   1.15698
19.20000   1.16523
19.22000   1.17344
19.24000   1.18159
19.26000   1.18966
19.28000   1.19766
19.30000   1.20562
19.32000   1.21358
19.34000   1.22157
19.36000   1.22963
19.38000   1.23781
19.40000   1.24614
19.42000   1.25464
19.44000   1.26334
19.46000   1.27225
19.48000   1.28138
19.50000   1.29073
19.52000   1.30032
19.54000   1.31014
19.56000   1.32019
19.58000   1.33047
19.60000   1.34099
19.62000   1.35172
19.64000   1.36269
19.66000   1.37387
19.68000   1.38528
19.70000   1.39691
19.72000   1.40876
19.74000   1.42085
19.76000   1.43318
19.78000   1.44577
19.80000   1.45861
19.82000   1.47173
19.84000   1.48513
19.86000   1.49882
19.88000   1.51280
19.90000   1.52708
19.92000   1.54166
19.94000   1.55653
19.96000   1.57168
19.98000   1.58710
20.00000   1.60277
20.02000   1.61868
20.04000   1.63480
20.06000   1.65114
20.08000   1.66767
20.10000   1.68443
20.12000   1.70141
20.14000   1.71865
20.16000   1.73619
20.18000   1.75406
20.20000   1.77230
20.22000   1.79093
20.24000   1.81000
20.26000   1.82953
20.28000   1.84953
20.30000   1.87003
20.32000   1.89105
20.34000   1.91258
20.36000   1.93465
20.38000   1.95725
20.40000   1.98039
20.42000   2.00406
20.44000   2.02826
20.46000   2.05300
20.48000   2.07827
20.50000   2.10407
20.52000   2.13041
20.54000   2.15731
20.56000   2.18480
20.58000   2.21290
20.60000   2.24165
20.62000   2.27110
20.64000   2.30127
20.66000   2.33222
20.68000   2.36398
20.70000   2.39660
20.72000   2.43010
20.74000   2.46453
20.76000   2.49992
20.78000   2.53632
20.80000   2.57375
20.82000   2.61225
20.84000   2.65187
20.86000   2.69263
20.88000   2.73460
20.90000   2.77780
20.92000   2.82229
20.94000   2.86811
20.96000   2.91532
20.98000   2.96397
21.00000   3.01411
21.02000   3.06581
21.04000   3.11912
21.06000   3.17410
21.08000   3.23081
21.10000   3.28932
21.12000   3.34970
21.14000   3.41202
21.16000   3.47636
21.18000   3.54281
21.20000   3.61148
21.22000   3.68248
21.24000   3.75593
21.26000   3.83197
21.28000   3.91072
21.30000   3.99233
21.32000   4.07696
21.34000   4.16475
21.36000   4.25588
21.38000   4.35052
21.40000   4.44886
21.42000   4.55109
21.44000   4.65744
21.46000   4.76814
21.48000   4.88343
21.50000   5.00360
21.52000   5.12891
21.54000   5.25969
21.56000   5.39625
21.58000   5.53896
21.60000   5.68819
21.62000   5.84436
21.64000   6.00789
21.66000   6.17928
21.68000   6.35902
21.70000   6.54768
21.72000   6.74585
21.74000   6.95417
21.76000   7.17333
21.78000   7.40410
21.80000   7.64729
21.82000   7.90377
21.84000   8.17452
21.86000   8.46058
21.88000   8.76312
21.90000   9.08340
21.92000   9.42283
21.94000   9.78299
21.96000  10.16561
21.98000  10.57262
22.00000  11.00617
22.02000  11.46863
22.04000  11.96263
22.06000  12.49106
22.08000  13.05716
22.10000  13.66448
22.12000  14.31699
22.14000  15.01909
22.16000  15.77570
22.18000  16.59228
22.20000  17.47496
22.22000  18.43057
22.24000  19.46676
22.26000  20.59207
22.28000  21.81603
22.30000  23.14931
22.32000  24.60376
22.34000  26.19255
22.36000  27.93024
22.38000  29.83284
22.40000  31.91775
22.42000  34.20370
22.44000  36.71044
22.46000  39.45826
22.48000  42.46718
22.50000  45.75570
22.52000  49.33895
22.54000  53.22606
22.56000  57.41660
22.58000  61.89596
22.60000  66.62971
22.62000  71.55719
22.64000  76.58516
22.66000  81.58293
22.68000  86.38094
22.70000  90.77547
22.72000  94.54152
22.74000  97.45462
22.76000  99.31950
22.78000 100.00000
22.80000  99.44268
22.82000  97.68689
22.84000  94.85800
22.86000  91.14602
22.88000  86.77598
22.90000  81.97821
22.92000  76.96449
22.94000  71.91322
22.96000  66.96325
22.98000  62.21442
23.00000  57.73214
23.02000  53.55391
23.04000  49.69593
23.06000  46.15920
23.08000  42.93440
23.10000  40.00584
23.12000  37.35417
23.14000  34.95850
23.16000  32.79768
23.18000  30.85118
23.20000  29.09964
23.22000  27.52516
23.24000  26.11138
23.26000  24.84355
23.28000  23.70847
23.30000  22.69440
23.32000  21.79097
23.34000  20.98907
23.36000  20.28075
23.38000  19.65910
23.40000  19.11818
23.42000  18.65294
23.44000  18.25911
23.46000  17.93318
23.48000  17.67233
23.50000  17.47441
23.52000  17.33788
23.54000  17.26182
23.56000  17.24592
23.58000  17.29049
23.60000  17.39647
23.62000  17.56542
23.64000  17.79958
23.66000  18.10187
23.68000  18.47593
23.70000  18.92613
23.72000  19.45763
23.74000  20.07641
23.76000  20.78928
23.78000  21.60396
23.80000  22.52896
23.82000  23.57364
23.84000  24.74796
23.86000  26.06230
23.88000  27.52703
23.90000  29.15181
23.92000  30.94468
23.94000  32.91062
23.96000  35.04971
23.98000  37.35464
24.00000  39.80770
24.02000  42.37728
24.04000  45.01440
24.06000  47.64985
24.08000  50.19317
24.10000  52.53472
24.12000  54.55217
24.14000  56.12185
24.16000  57.13410
24.18000  57.50974
24.20000  57.21359
24.22000  56.26097
24.24000  54.71508
24.26000  52.67612
24.28000  50.26541
24.30000  47.60895
24.32000  44.82393
24.34000  42.01001
24.36000  39.24545
24.38000  36.58705
24.40000  34.07246
24.42000  31.72365
24.44000  29.55054
24.46000  27.55442
24.48000  25.73065
24.50000  24.07088
24.52000  22.56464
24.54000  21.20048
24.56000  19.96675
24.58000  18.85209
24.60000  17.84575
24.62000  16.93773
24.64000  16.11889
24.66000  15.38090
24.68000  14.71632
24.70000  14.11846
24.72000  13.58138
24.74000  13.09980
24.76000  12.66909
24.78000  12.28514
24.80000  11.94438
24.82000  11.64370
24.84000  11.38038
24.86000  11.15212
24.88000  10.95693
24.90000  10.79316
24.92000  10.65943
24.94000  10.55463
24.96000  10.47790
24.98000  10.42861
25.00000  10.40633
25.02000  10.41087
25.04000  10.44223
25.06000  10.50065
25.08000  10.58660
25.10000  10.70079
25.12000  10.84420
25.14000  11.01807
25.16000  11.22394
25.18000  11.46365
25.20000  11.73934
25.22000  12.05352
25.24000  12.40908
25.26000  12.80931
25.28000  13.25796
25.30000  13.75930
25.32000  14.31815
25.34000  14.93995
25.36000  15.63082
25.38000  16.39764
25.40000  17.24805
25.42000  18.19055
25.44000  19.23447
25.46000  20.38996
25.48000  21.66791
25.50000  23.07976
25.52000  24.63715
25.54000  26.35141
25.56000  28.23275
25.58000  30.28905
25.60000  32.52424
25.62000  34.93601
25.64000  37.51300
25.66000  40.23132
25.68000  43.05083
25.70000  45.91155
25.72000  48.73123
25.74000  51.40539
25.76000  53.81121
25.78000  55.81647
25.80000  57.29350
25.82000  58.13648
25.84000  58.27820
25.86000  57.70201
25.88000  56.44502
25.90000  54.59160
25.92000  52.25920
25.94000  49.58073
25.96000  46.68790
25.98000  43.69880
26.00000  40.71074
26.02000  37.79781
26.04000  35.01205
26.06000  32.38649
26.08000  29.93905
26.10000  27.67627
26.12000  25.59670
26.14000  23.69360
26.16000  21.95699
26.18000  20.37512
26.20000  18.93558
26.22000  17.62594
26.24000  16.43424
26.26000  15.34919
26.28000  14.36036
26.30000  13.45821
26.32000  12.63408
26.34000  11.88015
26.36000  11.18942
26.38000  10.55560
26.40000   9.97309
26.42000   9.43687
26.44000   8.94249
26.46000   8.48596
26.48000   8.06372
26.50000   7.67260
26.52000   7.30976
26.54000   6.97263
26.56000   6.65895
26.58000   6.36665
26.60000   6.09387
26.62000   5.83895
26.64000   5.60039
26.66000   5.37681
26.68000   5.16699
26.70000   4.96984
26.72000   4.78435
26.74000   4.60965
26.76000   4.44491
26.78000   4.28942
26.80000   4.14250
26.82000   4.00355
26.84000   3.87202
26.86000   3.74738
26.88000   3.62918
26.90000   3.51697
26.92000   3.41035
26.94000   3.30893
26.96000   3.21234
26.98000   3.12025
27.00000   3.03233
27.02000   2.94828
27.04000   2.86782
27.06000   2.79072
27.08000   2.71674
27.10000   2.64573
27.12000   2.57752
27.14000   2.51201
27.16000   2.44908
27.18000   2.38865
27.20000   2.33062
27.22000   2.27491
27.24000   2.22144
27.26000   2.17011
27.28000   2.12084
27.30000   2.07354
27.32000   2.02812
27.34000   1.98449
27.36000   1.94257
27.38000   1.90227
27.40000   1.86351
27.42000   1.82622
27.44000   1.79030
27.46000   1.75569
27.48000   1.72231
27.50000   1.69008
27.52000   1.65893
27.54000   1.62878
27.56000   1.59957
27.58000   1.57122
27.60000   1.54365
27.62000   1.51682
27.64000   1.49068
27.66000   1.46517
27.68000   1.44028
27.70000   1.41599
27.72000   1.39230
27.74000   1.36921
27.76000   1.34673
27.78000   1.32487
27.80000   1.30362
27.82000   1.28301
27.84000   1.26301
27.86000   1.24363
27.88000   1.22486
27.90000   1.20668
27.92000   1.18908
27.94000   1.17204
27.96000   1.15555
27.98000   1.13959
28.00000   1.12414
28.02000   1.10919
28.04000   1.09472
28.06000   1.08070
28.08000   1.06712
28.10000   1.05395
28.12000   1.04117
28.14000   1.02874
28.16000   1.01664
28.18000   1.00482
28.20000   0.99326
28.22000   0.98191
28.24000   0.97075
28.26000   0.95976
28.28000   0.94892
28.30000   0.93824
28.32000   0.92771
28.34000   0.91737
28.36000   0.90721
28.38000   0.89728
28.40000   0.88758
28.42000   0.87814
28.44000   0.86896
28.46000   0.86005
28.48000   0.85142
28.50000   0.84305
28.52000   0.83496
28.54000   0.82714
28.56000   0.81957
28.58000   0.81226
28.60000   0.80521
28.62000   0.79840
28.64000   0.79184
28.66000   0.78552
28.68000   0.77944
28.70000   0.77359
28.72000   0.76798
28.74000   0.76257
28.76000   0.75737
28.78000   0.75235
28.80000   0.74749
28.82000   0.74278
28.84000   0.73818
28.86000   0.73368
28.88000   0.72927
28.90000   0.72494
28.92000   0.72070
28.94000   0.71654
28.96000   0.71249
28.98000   0.70852
29.00000   0.70466
29.02000   0.70088
29.04000   0.69719
29.06000   0.69355
29.08000   0.68997
29.10000   0.68642
29.12000   0.68291
29.14000   0.67941
29.16000   0.67591
29.18000   0.67240
29.20000   0.66887
29.22000   0.66528
29.24000   0.66163
29.26000   0.65790
29.28000   0.65412
29.30000   0.65027
29.32000   0.64639
29.34000   0.64250
29.36000   0.63861
29.38000   0.63475
29.40000   0.63095
29.42000   0.62721
29.44000   0.62358
29.46000   0.62006
29.48000   0.61668
29.50000   0.61345
29.52000   0.61039
29.54000   0.60750
29.56000   0.60478
29.58000   0.60224
29.60000   0.59987
29.62000   0.59766
29.64000   0.59559
29.66000   0.59368
29.68000   0.59190
29.70000   0.59027
29.72000   0.58879
29.74000   0.58745
29.76000   0.58626
29.78000   0.58521
29.80000   0.58431
29.82000   0.58352
29.84000   0.58283
29.86000   0.58219
29.88000   0.58157
29.90000   0.58091
29.92000   0.58015
29.94000   0.57925
29.96000   0.57817
29.98000   0.57689
30.00000   0.57541
30.02000   0.57374
30.04000   0.57193
30.06000   0.57001
30.08000   0.56806
30.10000   0.56611
30.12000   0.56423
30.14000   0.56245
30.16000   0.56081
30.18000   0.55933
30.20000   0.55802
30.22000   0.55689
30.24000   0.55595
30.26000   0.55518
30.28000   0.55459
30.30000   0.55415
30.32000   0.55388
30.34000   0.55374
30.36000   0.55374
30.38000   0.55385
30.40000   0.55406
30.42000   0.55436
30.44000   0.55472
30.46000   0.55514
30.48000   0.55561
30.50000   0.55612
30.52000   0.55668
30.54000   0.55730
30.56000   0.55799
30.58000   0.55877
30.60000   0.55966
30.62000   0.56067
30.64000   0.56182
30.66000   0.56311
30.68000   0.56455
30.70000   0.56615
30.72000   0.56791
30.74000   0.56983
30.76000   0.57191
30.78000   0.57414
30.80000   0.57652
30.82000   0.57903
30.84000   0.58167
30.86000   0.58442
30.88000   0.58728
30.90000   0.59023
30.92000   0.59326
30.94000   0.59638
30.96000   0.59959
30.98000   0.60289
31.00000   0.60629
31.02000   0.60979
31.04000   0.61340
31.06000   0.61711
31.08000   0.62094
31.10000   0.62487
31.12000   0.62893
31.14000   0.63311
31.16000   0.63745
31.18000   0.64193
31.20000   0.64659
31.22000   0.65142
31.24000   0.65643
31.26000   0.66163
31.28000   0.66700
31.30000   0.67256
31.32000   0.67829
31.34000   0.68421
31.36000   0.69031
31.38000   0.69660
31.40000   0.70311
31.42000   0.70985
31.44000   0.71683
31.46000   0.72407
31.48000   0.73158
31.50000   0.73938
31.52000   0.74744
31.54000   0.75578
31.56000   0.76437
31.58000   0.77320
31.60000   0.78226
31.62000   0.79155
31.64000   0.80108
31.66000   0.81087
31.68000   0.82095
31.70000   0.83136
31.72000   0.84215
31.74000   0.85335
31.76000   0.86502
31.78000   0.87717
31.80000   0.88983
31.82000   0.90302
31.84000   0.91675
31.86000   0.93104
31.88000   0.94589
31.90000   0.96133
31.92000   0.97738
31.94000   0.99406
31.96000   1.01140
31.98000   1.02944
32.00000   1.04820
32.02000   1.06770
32.04000   1.08795
32.06000   1.10894
32.08000   1.13066
32.10000   1.15309
32.12000   1.17620
32.14000   1.19999
32.16000   1.22448
32.18000   1.24973
32.20000   1.27583
32.22000   1.30291
32.24000   1.33112
32.26000   1.36062
32.28000   1.39159
32.30000   1.42419
32.32000   1.45860
32.34000   1.49497
32.36000   1.53345
32.38000   1.57418
32.40000   1.61732
32.42000   1.66302
32.44000   1.71142
32.46000   1.76270
32.48000   1.81703
32.50000   1.87460
32.52000   1.93561
32.54000   2.00031
32.56000   2.06892
32.58000   2.14174
32.60000   2.21906
32.62000   2.30124
32.64000   2.38866
32.66000   2.48177
32.68000   2.58105
32.70000   2.68707
32.72000   2.80046
32.74000   2.92193
32.76000   3.05227
32.78000   3.19235
32.80000   3.34315
32.82000   3.50575
32.84000   3.68133
32.86000   3.87123
32.88000   4.07691
32.90000   4.30003
32.92000   4.54242
32.94000   4.80613
32.96000   5.09344
32.98000   5.40691
33.00000   5.74940
33.02000   6.12406
33.04000   6.53439
33.06000   6.98424
33.08000   7.47782
33.10000   8.01963
33.12000   8.61447
33.14000   9.26731
33.16000   9.98310
33.18000  10.76650
33.20000  11.62149
33.22000  12.55073
33.24000  13.55480
33.26000  14.63104
33.28000  15.77228
33.30000  16.96526
33.32000  18.18902
33.34000  19.41362
33.36000  20.59950
33.38000  21.69830
33.40000  22.65554
33.42000  23.41549
33.44000  23.92797
33.46000  24.15575
33.48000  24.08085
33.50000  23.70783
33.52000  23.06302
33.54000  22.18994
33.56000  21.14235
33.58000  19.97678
33.60000  18.74636
33.62000  17.49666
33.64000  16.26375
33.66000  15.07405
33.68000  13.94527
33.70000  12.88794
33.72000  11.90703
33.74000  11.00348
33.76000  10.17546
33.78000   9.41935
33.80000   8.73050
33.82000   8.10375
33.84000   7.53381
33.86000   7.01548
33.88000   6.54382
33.90000   6.11426
33.92000   5.72261
33.94000   5.36508
33.96000   5.03830
33.98000   4.73922
34.00000   4.46513
34.02000   4.21361
34.04000   3.98247
34.06000   3.76977
34.08000   3.57373
34.10000   3.39276
34.12000   3.22544
34.14000   3.07047
34.16000   2.92669
34.18000   2.79307
34.20000   2.66870
34.22000   2.55277
34.24000   2.44455
34.26000   2.34342
34.28000   2.24881
34.30000   2.16023
34.32000   2.07723
34.34000   1.99939
34.36000   1.92635
34.38000   1.85776
34.40000   1.79331
34.42000   1.73270
34.44000   1.67566
34.46000   1.62195
34.48000   1.57134
34.50000   1.52361
34.52000   1.47857
34.54000   1.43603
34.56000   1.39582
34.58000   1.35778
34.60000   1.32173
34.62000   1.28755
34.64000   1.25508
34.66000   1.22420
34.68000   1.19479
34.70000   1.16676
34.72000   1.14001
34.74000   1.11447
34.76000   1.09010
34.78000   1.06685
34.80000   1.04467
34.82000   1.02353
34.84000   1.00338
34.86000   0.98419
34.88000   0.96591
34.90000   0.94848
34.92000   0.93187
34.94000   0.91602
34.96000   0.90087
34.98000   0.88639
35.00000   0.87254
35.02000   0.85927
35.04000   0.84655
35.06000   0.83435
35.08000   0.82264
35.10000   0.81138
35.12000   0.80054
35.14000   0.79009
35.16000   0.78003
35.18000   0.77033
35.20000   0.76100
35.22000   0.75203
35.24000   0.74345
35.26000   0.73527
35.28000   0.72751
35.30000   0.72019
35.32000   0.71332
35.34000   0.70691
35.36000   0.70096
35.38000   0.69547
35.40000   0.69043
35.42000   0.68583
35.44000   0.68163
35.46000   0.67782
35.48000   0.67436
35.50000   0.67121
35.52000   0.66832
35.54000   0.66564
35.56000   0.66309
35.58000   0.66060
35.60000   0.65809
35.62000   0.65547
35.64000   0.65268
35.66000   0.64967
35.68000   0.64641
35.70000   0.64291
35.72000   0.63921
35.74000   0.63537
35.76000   0.63147
35.78000   0.62756
35.80000   0.62370
35.82000   0.61993
35.84000   0.61628
35.86000   0.61275
35.88000   0.60936
35.90000   0.60611
35.92000   0.60299
35.94000   0.60001
35.96000   0.59717
35.98000   0.59446
36.00000   0.59189
36.02000   0.58944
36.04000   0.58711
36.06000   0.58489
36.08000   0.58277
36.10000   0.58075
36.12000   0.57885
36.14000   0.57707
36.16000   0.57546
36.18000   0.57402
36.20000   0.57279
36.22000   0.57179
36.24000   0.57103
36.26000   0.57054
36.28000   0.57033
36.30000   0.57039
36.32000   0.57072
36.34000   0.57134
36.36000   0.57221
36.38000   0.57335
36.40000   0.57471
36.42000   0.57629
36.44000   0.57806
36.46000   0.57996
36.48000   0.58197
36.50000   0.58403
36.52000   0.58610
36.54000   0.58811
36.56000   0.59002
36.58000   0.59180
36.60000   0.59342
36.62000   0.59489
36.64000   0.59622
36.66000   0.59746
36.68000   0.59866
36.70000   0.59989
36.72000   0.60121
36.74000   0.60267
36.76000   0.60434
36.78000   0.60626
36.80000   0.60845
36.82000   0.61093
36.84000   0.61372
36.86000   0.61681
36.88000   0.62022
36.90000   0.62394
36.92000   0.62796
36.94000   0.63227
36.96000   0.63686
36.98000   0.64173
37.00000   0.64686
37.02000   0.65223
37.04000   0.65784
37.06000   0.66365
37.08000   0.66963
37.10000   0.67576
37.12000   0.68196
37.14000   0.68819
37.16000   0.69435
37.18000   0.70037
37.20000   0.70614
37.22000   0.71159
37.24000   0.71664
37.26000   0.72127
37.28000   0.72550
37.30000   0.72939
37.32000   0.73304
37.34000   0.73656
37.36000   0.74009
37.38000   0.74373
37.40000   0.74757
37.42000   0.75167
37.44000   0.75609
37.46000   0.76082
37.48000   0.76588
37.50000   0.77124
37.52000   0.77689
37.54000   0.78280
37.56000   0.78896
37.58000   0.79537
37.60000   0.80203
37.62000   0.80893
37.64000   0.81607
37.66000   0.82348
37.68000   0.83113
37.70000   0.83904
37.72000   0.84721
37.74000   0.85564
37.76000   0.86437
37.78000   0.87340
37.80000   0.88276
37.82000   0.89247
37.84000   0.90255
37.86000   0.91301
37.88000   0.92384
37.90000   0.93505
37.92000   0.94662
37.94000   0.95854
37.96000   0.97078
37.98000   0.98335
38.00000   0.99624
38.02000   1.00948
38.04000   1.02310
38.06000   1.03714
38.08000   1.05165
38.10000   1.06668
38.12000   1.08228
38.14000   1.09849
38.16000   1.11534
38.18000   1.13286
38.20000   1.15107
38.22000   1.16997
38.24000   1.18956
38.26000   1.20985
38.28000   1.23081
38.30000   1.25244
38.32000   1.27474
38.34000   1.29771
38.36000   1.32134
38.38000   1.34567
38.40000   1.37071
38.42000   1.39651
38.44000   1.42313
38.46000   1.45062
38.48000   1.47908
38.50000   1.50858
38.52000   1.53923
38.54000   1.57112
38.56000   1.60435
38.58000   1.63902
38.60000   1.67523
38.62000   1.71307
38.64000   1.75263
38.66000   1.79402
38.68000   1.83733
38.70000   1.88267
38.72000   1.93014
38.74000   1.97987
38.76000   2.03197
38.78000   2.08657
38.80000   2.14382
38.82000   2.20386
38.84000   2.26685
38.86000   2.33297
38.88000   2.40240
38.90000   2.47534
38.92000   2.55201
38.94000   2.63264
38.96000   2.71749
38.98000   2.80682
39.00000   2.90094
39.02000   3.00015
39.04000   3.10483
39.06000   3.21537
39.08000   3.33222
39.10000   3.45586
39.12000   3.58688
39.14000   3.72589
39.16000   3.87357
39.18000   4.03070
39.20000   4.19809
39.22000   4.37668
39.24000   4.56745
39.26000   4.77151
39.28000   4.99010
39.30000   5.22455
39.32000   5.47637
39.34000   5.74724
39.36000   6.03899
39.38000   6.35370
39.40000   6.69367
39.42000   7.06146
39.44000   7.45993
39.46000   7.89230
39.48000   8.36215
39.50000   8.87353
39.52000   9.43095
39.54000  10.03947
39.56000  10.70474
39.58000  11.43299
39.60000  12.23111
39.62000  13.10662
39.64000  14.06764
39.66000  15.12276
39.68000  16.28094
39.70000  17.55114
39.72000  18.94190
39.74000  20.46061
39.76000  22.11252
39.78000  23.89931
39.80000  25.81723
39.82000  27.85477
39.84000  29.98988
39.86000  32.18713
39.88000  34.39518
39.90000  36.54548
39.92000  38.55319
39.94000  40.32151
39.96000  41.74988
39.98000  42.74576
40.00000  43.23800
40.02000  43.18862
40.04000  42.59972
40.06000  41.51320
40.08000  40.00337
40.10000  38.16492
40.12000  36.09941
40.14000  33.90372
40.16000  31.66200
40.18000  29.44168
40.20000  27.29274
40.22000  25.24920
40.24000  23.33178
40.26000  21.55077
40.28000  19.90887
40.30000  18.40346
40.32000  17.02854
40.34000  15.77603
40.36000  14.63685
40.38000  13.60157
40.40000  12.66086
40.42000  11.80579
40.44000  11.02800
40.46000  10.31977
40.48000   9.67408
40.50000   9.08460
40.52000   8.54562
40.54000   8.05210
40.56000   7.59950
40.58000   7.18382
40.60000   6.80148
40.62000   6.44929
40.64000   6.12441
40.66000   5.82430
40.68000   5.54668
40.70000   5.28953
40.72000   5.05101
40.74000   4.82947
40.76000   4.62344
40.78000   4.43159
40.80000   4.25271
40.82000   4.08572
40.84000   3.92968
40.86000   3.78372
40.88000   3.64708
40.90000   3.51908
40.92000   3.39907
40.94000   3.28649
40.96000   3.18082
40.98000   3.08155
41.00000   2.98824
41.02000   2.90047
41.04000   2.81784
41.06000   2.74000
41.08000   2.66663
41.10000   2.59743
41.12000   2.53212
41.14000   2.47045
41.16000   2.41218
41.18000   2.35710
41.20000   2.30501
41.22000   2.25570
41.24000   2.20904
41.26000   2.16487
41.28000   2.12310
41.30000   2.08362
41.32000   2.04636
41.34000   2.01123
41.36000   1.97815
41.38000   1.94705
41.40000   1.91784
41.42000   1.89042
41.44000   1.86470
41.46000   1.84059
41.48000   1.81803
41.50000   1.79694
41.52000   1.77728
41.54000   1.75903
41.56000   1.74215
41.58000   1.72663
41.60000   1.71246
41.62000   1.69964
41.64000   1.68815
41.66000   1.67799
41.68000   1.66913
41.70000   1.66155
41.72000   1.65525
41.74000   1.65019
41.76000   1.64635
41.78000   1.64371
41.80000   1.64224
41.82000   1.64191
41.84000   1.64271
41.86000   1.64461
41.88000   1.64762
41.90000   1.65171
41.92000   1.65692
41.94000   1.66326
41.96000   1.67076
41.98000   1.67945
42.00000   1.68939
42.02000   1.70061
42.04000   1.71315
42.06000   1.72707
42.08000   1.74239
42.10000   1.75916
42.12000   1.77741
42.14000   1.79718
42.16000   1.81848
42.18000   1.84136
42.20000   1.86584
42.22000   1.89195
42.24000   1.91971
42.26000   1.94916
42.28000   1.98033
42.30000   2.01325
42.32000   2.04798
42.34000   2.08459
42.36000   2.12320
42.38000   2.16394
42.40000   2.20697
42.42000   2.25250
42.44000   2.30073
42.46000   2.35189
42.48000   2.40622
42.50000   2.46395
42.52000   2.52535
42.54000   2.59067
42.56000   2.66017
42.58000   2.73413
42.60000   2.81287
42.62000   2.89669
42.64000   2.98594
42.66000   3.08100
42.68000   3.18228
42.70000   3.29024
42.72000   3.40538
42.74000   3.52827
42.76000   3.65954
42.78000   3.79990
42.80000   3.95013
42.82000   4.11108
42.84000   4.28372
42.86000   4.46910
42.88000   4.66841
42.90000   4.88295
42.92000   5.11422
42.94000   5.36387
42.96000   5.63378
42.98000   5.92602
43.00000   6.24294
43.02000   6.58715
43.04000   6.96156
43.06000   7.36942
43.08000   7.81437
43.10000   8.30046
43.12000   8.83221
43.14000   9.41463
43.16000  10.05327
43.18000  10.75420
43.20000  11.52401
43.22000  12.36974
43.24000  13.29876
43.26000  14.31850
43.28000  15.43617
43.30000  16.65814
43.32000  17.98925
43.34000  19.43161
43.36000  20.98326
43.38000  22.63622
43.40000  24.37438
43.42000  26.17107
43.44000  27.98693
43.46000  29.76853
43.48000  31.44873
43.50000  32.94952
43.52000  34.18814
43.54000  35.08621
43.56000  35.58063
43.58000  35.63380
43.60000  35.24034
43.62000  34.42812
43.64000  33.25334
43.66000  31.79123
43.68000  30.12492
43.70000  28.33548
43.72000  26.49463
43.74000  24.66077
43.76000  22.87794
43.78000  21.17667
43.80000  19.57608
43.82000  18.08622
43.84000  16.71046
43.86000  15.44744
43.88000  14.29272
43.90000  13.23999
43.92000  12.28193
43.94000  11.41088
43.96000  10.61919
43.98000   9.89950
44.00000   9.24491
44.02000   8.64902
44.04000   8.10598
44.06000   7.61046
44.08000   7.15767
44.10000   6.74328
44.12000   6.36344
44.14000   6.01469
44.16000   5.69394
44.18000   5.39845
44.20000   5.12577
44.22000   4.87372
44.24000   4.64036
44.26000   4.42397
44.28000   4.22300
44.30000   4.03608
44.32000   3.86199
44.34000   3.69963
44.36000   3.54802
44.38000   3.40630
44.40000   3.27368
44.42000   3.14947
44.44000   3.03304
44.46000   2.92383
44.48000   2.82131
44.50000   2.72501
44.52000   2.63449
44.54000   2.54934
44.56000   2.46919
44.58000   2.39369
44.60000   2.32253
44.62000   2.25538
44.64000   2.19199
44.66000   2.13208
44.68000   2.07540
44.70000   2.02175
44.72000   1.97090
44.74000   1.92270
44.76000   1.87697
44.78000   1.83359
44.80000   1.79245
44.82000   1.75347
44.84000   1.71655
44.86000   1.68162
44.88000   1.64863
44.90000   1.61751
44.92000   1.58818
44.94000   1.56059
44.96000   1.53468
44.98000   1.51036
45.00000   1.48758
45.02000   1.46627
45.04000   1.44635
45.06000   1.42775
45.08000   1.41040
45.10000   1.39424
45.12000   1.37920
45.14000   1.36524
45.16000   1.35231
45.18000   1.34039
45.20000   1.32946
45.22000   1.31952
45.24000   1.31059
45.26000   1.30267
45.28000   1.29578
45.30000   1.28992
45.32000   1.28512
45.34000   1.28137
45.36000   1.27868
45.38000   1.27705
45.40000   1.27646
45.42000   1.27692
45.44000   1.27840
45.46000   1.28089
45.48000   1.28434
45.50000   1.28874
45.52000   1.29404
45.54000   1.30024
45.56000   1.30733
45.58000   1.31532
45.60000   1.32424
45.62000   1.33415
45.64000   1.34512
45.66000   1.35723
45.68000   1.37057
45.70000   1.38525
45.72000   1.40136
45.74000   1.41903
45.76000   1.43836
45.78000   1.45950
45.80000   1.48258
45.82000   1.50775
45.84000   1.53515
45.86000   1.56497
45.88000   1.59737
45.90000   1.63256
45.92000   1.67076
45.94000   1.71222
45.96000   1.75720
45.98000   1.80601
46.00000   1.85899
46.02000   1.91654
46.04000   1.97908
46.06000   2.04709
46.08000   2.12111
46.10000   2.20174
46.12000   2.28965
46.14000   2.38556
46.16000   2.49029
46.18000   2.60467
46.20000   2.72961
46.22000   2.86602
46.24000   3.01480
46.26000   3.17677
46.28000   3.35258
46.30000   3.54263
46.32000   3.74687
46.34000   3.96465
46.36000   4.19444
46.38000   4.43361
46.40000   4.67819
46.42000   4.92270
46.44000   5.16018
46.46000   5.38252
46.48000   5.58106
46.50000   5.74758
46.52000   5.87552
46.54000   5.96104
46.56000   6.00381
46.58000   6.00715
46.60000   5.97755
46.62000   5.92368
46.64000   5.85519
46.66000   5.78164
46.68000   5.71171
46.70000   5.65276
46.72000   5.61073
46.74000   5.59022
46.76000   5.59473
46.78000   5.62694
46.80000   5.68898
46.82000   5.78261
46.84000   5.90952
46.86000   6.07135
46.88000   6.26990
46.90000   6.50716
46.92000   6.78536
46.94000   7.10695
46.96000   7.47465
46.98000   7.89128
47.00000   8.35967
47.02000   8.88243
47.04000   9.46160
47.06000  10.09818
47.08000  10.79149
47.10000  11.53834
47.12000  12.33200
47.14000  13.16112
47.16000  14.00855
47.18000  14.85062
47.20000  15.65690
47.22000  16.39122
47.24000  17.01410
47.26000  17.48670
47.28000  17.77591
47.30000  17.85950
47.32000  17.72996
47.34000  17.39591
47.36000  16.88055
47.38000  16.21772
47.40000  15.44669
47.42000  14.60708
47.44000  13.73496
47.46000  12.86043
47.48000  12.00675
47.50000  11.19053
47.52000  10.42258
47.54000   9.70904
47.56000   9.05252
47.58000   8.45313
47.60000   7.90928
47.62000   7.41838
47.64000   6.97726
47.66000   6.58255
47.68000   6.23087
47.70000   5.91901
47.72000   5.64401
47.74000   5.40319
47.76000   5.19421
47.78000   5.01506
47.80000   4.86405
47.82000   4.73980
47.84000   4.64123
47.86000   4.56755
47.88000   4.51822
47.90000   4.49291
47.92000   4.49149
47.94000   4.51393
47.96000   4.56026
47.98000   4.63044
48.00000   4.72419
48.02000   4.84087
48.04000   4.97915
48.06000   5.13678
48.08000   5.31021
48.10000   5.49428
48.12000   5.68195
48.14000   5.86420
48.16000   6.03027
48.18000   6.16830
48.20000   6.26642
48.22000   6.31421
48.24000   6.30427
48.26000   6.23340
48.28000   6.10320
48.30000   5.91971
48.32000   5.69238
48.34000   5.43250
48.36000   5.15175
48.38000   4.86088
48.40000   4.56900
48.42000   4.28320
48.44000   4.00858
48.46000   3.74848
48.48000   3.50480
48.50000   3.27833
48.52000   3.06908
48.54000   2.87653
48.56000   2.69982
48.58000   2.53790
48.60000   2.38966
48.62000   2.25396
48.64000   2.12970
48.66000   2.01584
48.68000   1.91143
48.70000   1.81560
48.72000   1.72752
48.74000   1.64650
48.76000   1.57186
48.78000   1.50302
48.80000   1.43945
48.82000   1.38068
48.84000   1.32626
48.86000   1.27581
48.88000   1.22895
48.90000   1.18535
48.92000   1.14472
48.94000   1.10676
48.96000   1.07123
48.98000   1.03789
49.00000   1.00656
49.02000   0.97705
49.04000   0.94922
49.06000   0.92293
49.08000   0.89808
49.10000   0.87455
49.12000   0.85227
49.14000   0.83119
49.16000   0.81125
49.18000   0.79244
49.20000   0.77472
49.22000   0.75809
49.24000   0.74254
49.26000   0.72807
49.28000   0.71466
49.30000   0.70229
49.32000   0.69094
49.34000   0.68056
49.36000   0.67109
49.38000   0.66244
49.40000   0.65448
49.42000   0.64706
49.44000   0.63998
49.46000   0.63300
49.48000   0.62587
49.50000   0.61833
49.52000   0.61016
49.54000   0.60119
49.56000   0.59135
49.58000   0.58066
49.60000   0.56922
49.62000   0.55720
49.64000   0.54481
49.66000   0.53228
49.68000   0.51979
49.70000   0.50752
49.72000   0.49561
49.74000   0.48415
49.76000   0.47322
49.78000   0.46284
49.80000   0.45305
49.82000   0.44383
49.84000   0.43518
49.86000   0.42707
49.88000   0.41948
49.90000   0.41238
49.92000   0.40573
49.94000   0.39951
49.96000   0.39369
49.98000   0.38825
50.00000   0.38316
50.02000   0.37840
50.04000   0.37396
50.06000   0.36980
50.08000   0.36590
50.10000   0.36223
50.12000   0.35873
50.14000   0.35538
50.16000   0.35211
50.18000   0.34887
50.20000   0.34561
50.22000   0.34229
50.24000   0.33889
50.26000   0.33541
50.28000   0.33185
50.30000   0.32822
50.32000   0.32456
50.34000   0.32089
50.36000   0.31725
50.38000   0.31365
50.40000   0.31011
50.42000   0.30667
50.44000   0.30332
50.46000   0.30007
50.48000   0.29692
50.50000   0.29386
50.52000   0.29086
50.54000   0.28792
50.56000   0.28501
50.58000   0.28211
50.60000   0.27922
50.62000   0.27633
50.64000   0.27344
50.66000   0.27058
50.68000   0.26776
50.70000   0.26499
50.72000   0.26229
50.74000   0.25967
50.76000   0.25714
50.78000   0.25472
50.80000   0.25241
50.82000   0.25022
50.84000   0.24816
50.86000   0.24625
50.88000   0.24448
50.90000   0.24287
50.92000   0.24141
50.94000   0.24008
50.96000   0.23888
50.98000   0.23778
51.00000   0.23675
51.02000   0.23576
51.04000   0.23478
51.06000   0.23379
51.08000   0.23275
51.10000   0.23167
51.12000   0.23052
51.14000   0.22932
51.16000   0.22807
51.18000   0.22678
51.20000   0.22550
51.22000   0.22425
51.24000   0.22305
51.26000   0.22195
51.28000   0.22097
51.30000   0.22012
51.32000   0.21942
51.34000   0.21887
51.36000   0.21845
51.38000   0.21816
51.40000   0.21797
51.42000   0.21787
51.44000   0.21783
51.46000   0.21782
51.48000   0.21782
51.50000   0.21780
51.52000   0.21775
51.54000   0.21765
51.56000   0.21750
51.58000   0.21728
51.60000   0.21700
51.62000   0.21665
51.64000   0.21625
51.66000   0.21579
51.68000   0.21530
51.70000   0.21479
51.72000   0.21430
51.74000   0.21385
51.76000   0.21346
51.78000   0.21314
51.80000   0.21291
51.82000   0.21278
51.84000   0.21276
51.86000   0.21284
51.88000   0.21303
51.90000   0.21334
51.92000   0.21377
51.94000   0.21433
51.96000   0.21504
51.98000   0.21589
52.00000   0.21689
52.02000   0.21806
52.04000   0.21940
52.06000   0.22091
52.08000   0.22261
52.10000   0.22451
52.12000   0.22661
52.14000   0.22892
52.16000   0.23145
52.18000   0.23421
52.20000   0.23721
52.22000   0.24046
52.24000   0.24399
52.26000   0.24780
52.28000   0.25194
52.30000   0.25643
52.32000   0.26132
52.34000   0.26664
52.36000   0.27243
52.38000   0.27874
52.40000   0.28560
52.42000   0.29308
52.44000   0.30120
52.46000   0.31002
52.48000   0.31960
52.50000   0.32999
52.52000   0.34127
52.54000   0.35349
52.56000   0.36677
52.58000   0.38120
52.60000   0.39691
52.62000   0.41405
52.64000   0.43278
52.66000   0.45330
52.68000   0.47581
52.70000   0.50056
52.72000   0.52780
52.74000   0.55779
52.76000   0.59083
52.78000   0.62721
52.80000   0.66724
52.82000   0.71122
52.84000   0.75942
52.86000   0.81205
52.88000   0.86923
52.90000   0.93095
52.92000   0.99697
52.94000   1.06675
52.96000   1.13934
52.98000   1.21333
53.00000   1.28671
53.02000   1.35692
53.04000   1.42089
53.06000   1.47528
53.08000   1.51677
53.10000   1.54252
53.12000   1.55063
53.14000   1.54043
53.16000   1.51262
53.18000   1.46915
53.20000   1.41289
53.22000   1.34716
53.24000   1.27533
53.26000   1.20048
53.28000   1.12516
53.30000   1.05138
53.32000   0.98054
53.34000   0.91357
53.36000   0.85100
53.38000   0.79304
53.40000   0.73969
53.42000   0.69080
53.44000   0.64614
53.46000   0.60542
53.48000   0.56832
53.50000   0.53454
53.52000   0.50376
53.54000   0.47570
53.56000   0.45008
53.58000   0.42666
53.60000   0.40521
53.62000   0.38554
53.64000   0.36747
53.66000   0.35085
53.68000   0.33554
53.70000   0.32143
53.72000   0.30842
53.74000   0.29641
53.76000   0.28531
53.78000   0.27505
53.80000   0.26556
53.82000   0.25678
53.84000   0.24863
53.86000   0.24106
53.88000   0.23402
53.90000   0.22746
53.92000   0.22134
53.94000   0.21562
53.96000   0.21027
53.98000   0.20525
54.00000   0.20056
54.02000   0.19616
54.04000   0.19204
54.06000   0.18820
54.08000   0.18460
54.10000   0.18125
54.12000   0.17812
54.14000   0.17519
54.16000   0.17245
54.18000   0.16988
54.20000   0.16746
54.22000   0.16517
54.24000   0.16300
54.26000   0.16092
54.28000   0.15893
54.30000   0.15701
54.32000   0.15517
54.34000   0.15339
54.36000   0.15169
54.38000   0.15007
54.40000   0.14854
54.42000   0.14712
54.44000   0.14582
54.46000   0.14464
54.48000   0.14359
54.50000   0.14267
54.52000   0.14187
54.54000   0.14120
54.56000   0.14063
54.58000   0.14016
54.60000   0.13977
54.62000   0.13945
54.64000   0.13919
54.66000   0.13897
54.68000   0.13879
54.70000   0.13863
54.72000   0.13850
54.74000   0.13839
54.76000   0.13829
54.78000   0.13821
54.80000   0.13816
54.82000   0.13814
54.84000   0.13816
54.86000   0.13826
54.88000   0.13845
54.90000   0.13873
54.92000   0.13914
54.94000   0.13967
54.96000   0.14033
54.98000   0.14112
55.00000   0.14201
55.02000   0.14301
55.04000   0.14407
55.06000   0.14517
55.08000   0.14623
55.10000   0.14719
55.12000   0.14796
55.14000   0.14845
55.16000   0.14858
55.18000   0.14829
55.20000   0.14752
55.22000   0.14630
55.24000   0.14465
55.26000   0.14264
55.28000   0.14037
55.30000   0.13792
55.32000   0.13538
55.34000   0.13284
55.36000   0.13035
55.38000   0.12796
55.40000   0.12570
55.42000   0.12360
55.44000   0.12167
55.46000   0.11993
55.48000   0.11837
55.50000   0.11698
55.52000   0.11576
55.54000   0.11471
55.56000   0.11379
55.58000   0.11299
55.60000   0.11230
55.62000   0.11170
55.64000   0.11115
55.66000   0.11065
55.68000   0.11018
55.70000   0.10971
55.72000   0.10925
55.74000   0.10877
55.76000   0.10828
55.78000   0.10778
55.80000   0.10727
55.82000   0.10674
55.84000   0.10621
55.86000   0.10570
55.88000   0.10520
55.90000   0.10475
55.92000   0.10433
55.94000   0.10398
55.96000   0.10369
55.98000   0.10347
56.00000   0.10331
56.02000   0.10321
56.04000   0.10315
56.06000   0.10314
56.08000   0.10315
56.10000   0.10316
56.12000   0.10316
56.14000   0.10315
56.16000   0.10309
56.18000   0.10301
56.20000   0.10289
56.22000   0.10274
56.24000   0.10258
56.26000   0.10242
56.28000   0.10227
56.30000   0.10215
56.32000   0.10207
56.34000   0.10204
56.36000   0.10206
56.38000   0.10214
56.40000   0.10229
56.42000   0.10251
56.44000   0.10280
56.46000   0.10316
56.48000   0.10357
56.50000   0.10403
56.52000   0.10453
56.54000   0.10505
56.56000   0.10557
56.58000   0.10607
56.60000   0.10653
56.62000   0.10693
56.64000   0.10726
56.66000   0.10751
56.68000   0.10766
56.70000   0.10773
56.72000   0.10772
56.74000   0.10764
56.76000   0.10751
56.78000   0.10735
56.80000   0.10719
56.82000   0.10703
56.84000   0.10689
56.86000   0.10677
56.88000   0.10669
56.90000   0.10665
56.92000   0.10663
56.94000   0.10664
56.96000   0.10668
56.98000   0.10675
57.00000   0.10683
57.02000   0.10693
57.04000   0.10704
57.06000   0.10717
57.08000   0.10732
57.10000   0.10749
57.12000   0.10769
57.14000   0.10790
57.16000   0.10814
57.18000   0.10840
57.20000   0.10868
57.22000   0.10898
57.24000   0.10930
57.26000   0.10963
57.28000   0.10998
57.30000   0.11034
57.32000   0.11072
57.34000   0.11110
57.36000   0.11150
57.38000   0.11190
57.40000   0.11231
57.42000   0.11274
57.44000   0.11317
57.46000   0.11360
57.48000   0.11404
57.50000   0.11449
57.52000   0.11495
57.54000   0.11543
57.56000   0.11591
57.58000   0.11642
57.60000   0.11695
57.62000   0.11751
57.64000   0.11808
57.66000   0.11868
57.68000   0.11930
57.70000   0.11995
57.72000   0.12062
57.74000   0.12132
57.76000   0.12206
57.78000   0.12284
57.80000   0.12366
57.82000   0.12453
57.84000   0.12546
57.86000   0.12644
57.88000   0.12748
57.90000   0.12857
57.92000   0.12970
57.94000   0.13088
57.96000   0.13208
57.98000   0.13331
58.00000   0.13456
58.02000   0.13582
58.04000   0.13710
58.06000   0.13839
58.08000   0.13970
58.10000   0.14105
58.12000   0.14243
58.14000   0.14386
58.16000   0.14534
58.18000   0.14688
58.20000   0.14846
58.22000   0.15009
58.24000   0.15176
58.26000   0.15344
58.28000   0.15512
58.30000   0.15680
58.32000   0.15844
58.34000   0.16004
58.36000   0.16159
58.38000   0.16310
58.40000   0.16457
58.42000   0.16603
58.44000   0.16748
58.46000   0.16896
58.48000   0.17047
58.50000   0.17204
58.52000   0.17369
58.54000   0.17541
58.56000   0.17723
58.58000   0.17914
58.60000   0.18115
58.62000   0.18325
58.64000   0.18545
58.66000   0.18775
58.68000   0.19015
58.70000   0.19265
58.72000   0.19524
58.74000   0.19793
58.76000   0.20071
58.78000   0.20358
58.80000   0.20655
58.82000   0.20962
58.84000   0.21279
58.86000   0.21607
58.88000   0.21946
58.90000   0.22297
58.92000   0.22662
58.94000   0.23040
58.96000   0.23433
58.98000   0.23842
59.00000   0.24267
59.02000   0.24709
59.04000   0.25168
59.06000   0.25647
59.08000   0.26145
59.10000   0.26664
59.12000   0.27204
59.14000   0.27766
59.16000   0.28351
59.18000   0.28960
59.20000   0.29593
59.22000   0.30252
59.24000   0.30937
59.26000   0.31649
59.28000   0.32390
59.30000   0.33161
59.32000   0.33964
59.34000   0.34801
59.36000   0.35674
59.38000   0.36587
59.40000   0.37542
59.42000   0.38543
59.44000   0.39592
59.46000   0.40693
59.48000   0.41850
59.50000   0.43065
59.52000   0.44342
59.54000   0.45684
59.56000   0.47096
59.58000   0.48581
59.60000   0.50143
59.62000   0.51788
59.64000   0.53519
59.66000   0.55344
59.68000   0.57270
59.70000   0.59303
59.72000   0.61453
59.74000   0.63731
59.76000   0.66147
59.78000   0.68713
59.80000   0.71442
59.82000   0.74350
59.84000   0.77453
59.86000   0.80767
59.88000   0.84313
59.90000   0.88110
59.92000   0.92184
59.94000   0.96560
59.96000   1.01266
59.98000   1.06336
60.00000   1.11804
60.02000   1.17711
60.04000   1.24103
60.06000   1.31030
60.08000   1.38548
60.10000   1.46720
60.12000   1.55617
60.14000   1.65316
60.16000   1.75905
60.18000   1.87482
60.20000   2.00155
60.22000   2.14044
60.24000   2.29280
60.26000   2.46006
60.28000   2.64375
60.30000   2.84544
60.32000   3.06674
60.34000   3.30920
60.36000   3.57416
60.38000   3.86265
60.40000   4.17504
60.42000   4.51084
60.44000   4.86821
60.46000   5.24350
60.48000   5.63076
60.50000   6.02129
60.52000   6.40334
60.54000   6.76225
60.56000   7.08113
60.58000   7.34222
60.60000   7.52892
60.62000   7.62814
60.64000   7.63241
60.66000   7.54127
60.68000   7.36132
60.70000   7.10507
60.72000   6.78887
60.74000   6.43056
60.76000   6.04736
60.78000   5.65436
60.80000   5.26378
60.82000   4.88476
60.84000   4.52358
60.86000   4.18414
60.88000   3.86844
60.90000   3.57708
60.92000   3.30972
60.94000   3.06534
60.96000   2.84258
60.98000   2.63988
61.00000   2.45558
61.02000   2.28807
61.04000   2.13579
61.06000   1.99727
61.08000   1.87119
61.10000   1.75629
61.12000   1.65148
61.14000   1.55576
61.16000   1.46822
61.18000   1.38807
61.20000   1.31459
61.22000   1.24713
61.24000   1.18513
61.26000   1.12807
61.28000   1.07550
61.30000   1.02700
61.32000   0.98222
61.34000   0.94081
61.36000   0.90250
61.38000   0.86700
61.40000   0.83409
61.42000   0.80354
61.44000   0.77517
61.46000   0.74880
61.48000   0.72428
61.50000   0.70147
61.52000   0.68025
61.54000   0.66051
61.56000   0.64215
61.58000   0.62509
61.60000   0.60925
61.62000   0.59455
61.64000   0.58094
61.66000   0.56835
61.68000   0.55675
61.70000   0.54607
61.72000   0.53628
61.74000   0.52734
61.76000   0.51921
61.78000   0.51186
61.80000   0.50527
61.82000   0.49941
61.84000   0.49426
61.86000   0.48981
61.88000   0.48603
61.90000   0.48293
61.92000   0.48049
61.94000   0.47871
61.96000   0.47759
61.98000   0.47713
62.00000   0.47733
62.02000   0.47821
62.04000   0.47977
62.06000   0.48203
62.08000   0.48500
62.10000   0.48870
62.12000   0.49315
62.14000   0.49839
62.16000   0.50443
62.18000   0.51133
62.20000   0.51912
62.22000   0.52785
62.24000   0.53757
62.26000   0.54835
62.28000   0.56025
62.30000   0.57337
62.32000   0.58779
62.34000   0.60363
62.36000   0.62101
62.38000   0.64008
62.40000   0.66100
62.42000   0.68397
62.44000   0.70920
62.46000   0.73691
62.48000   0.76737
62.50000   0.80085
62.52000   0.83769
62.54000   0.87824
62.56000   0.92288
62.58000   0.97206
62.60000   1.02626
62.62000   1.08601
62.64000   1.15187
62.66000   1.22445
62.68000   1.30437
62.70000   1.39228
62.72000   1.48877
62.74000   1.59437
62.76000   1.70945
62.78000   1.83412
62.80000   1.96814
62.82000   2.11068
62.84000   2.26020
62.86000   2.41421
62.88000   2.56909
62.90000   2.72003
62.92000   2.86107
62.94000   2.98543
62.96000   3.08606
62.98000   3.15649
63.00000   3.19177
63.02000   3.18926
63.04000   3.14915
63.06000   3.07439
63.08000   2.97020
63.10000   2.84320
63.12000   2.70049
63.14000   2.54884
63.16000   2.39412
63.18000   2.24102
63.20000   2.09303
63.22000   1.95253
63.24000   1.82098
63.26000   1.69909
63.28000   1.58705
63.30000   1.48470
63.32000   1.39161
63.34000   1.30725
63.36000   1.23097
63.38000   1.16214
63.40000   1.10013
63.42000   1.04433
63.44000   0.99420
63.46000   0.94921
63.48000   0.90893
63.50000   0.87293
63.52000   0.84088
63.54000   0.81244
63.56000   0.78737
63.58000   0.76540
63.60000   0.74636
63.62000   0.73005
63.64000   0.71634
63.66000   0.70511
63.68000   0.69625
63.70000   0.68970
63.72000   0.68540
63.74000   0.68331
63.76000   0.68344
63.78000   0.68578
63.80000   0.69039
63.82000   0.69731
63.84000   0.70662
63.86000   0.71844
63.88000   0.73290
63.90000   0.75015
63.92000   0.77040
63.94000   0.79387
63.96000   0.82082
63.98000   0.85154
64.00000   0.88638
64.02000   0.92570
64.04000   0.96990
64.06000   1.01943
64.08000   1.07475
64.10000   1.13632
64.12000   1.20459
64.14000   1.27995
64.16000   1.36270
64.18000   1.45295
64.20000   1.55051
64.22000   1.65483
64.24000   1.76477
64.26000   1.87852
64.28000   1.99341
64.30000   2.10587
64.32000   2.21141
64.34000   2.30490
64.36000   2.38094
64.38000   2.43448
64.40000   2.46156
64.42000   2.45991
64.44000   2.42940
64.46000   2.37206
64.48000   2.29169
64.50000   2.19326
64.52000   2.08217
64.54000   1.96364
64.56000   1.84225
64.58000   1.72170
64.60000   1.60474
64.62000   1.49328
64.64000   1.38848
64.66000   1.29096
64.68000   1.20090
64.70000   1.11817
64.72000   1.04248
64.74000   0.97341
64.76000   0.91049
64.78000   0.85321
64.80000   0.80108
64.82000   0.75363
64.84000   0.71041
64.86000   0.67101
64.88000   0.63505
64.90000   0.60220
64.92000   0.57214
64.94000   0.54460
64.96000   0.51932
64.98000   0.49610
65.00000   0.47473
65.02000   0.45502
65.04000   0.43684
65.06000   0.42002
65.08000   0.40445
65.10000   0.39002
65.12000   0.37661
65.14000   0.36414
65.16000   0.35253
65.18000   0.34170
65.20000   0.33158
65.22000   0.32211
65.24000   0.31325
65.26000   0.30495
65.28000   0.29716
65.30000   0.28986
65.32000   0.28300
65.34000   0.27657
65.36000   0.27054
65.38000   0.26489
65.40000   0.25959
65.42000   0.25463
65.44000   0.24998
65.46000   0.24564
65.48000   0.24158
65.50000   0.23779
65.52000   0.23426
65.54000   0.23097
65.56000   0.22790
65.58000   0.22505
65.60000   0.22240
65.62000   0.21995
65.64000   0.21768
65.66000   0.21558
65.68000   0.21365
65.70000   0.21188
65.72000   0.21027
65.74000   0.20880
65.76000   0.20747
65.78000   0.20627
65.80000   0.20521
65.82000   0.20426
65.84000   0.20343
65.86000   0.20270
65.88000   0.20208
65.90000   0.20156
65.92000   0.20114
65.94000   0.20080
65.96000   0.20055
65.98000   0.20039
66.00000   0.20031
66.02000   0.20031
66.04000   0.20039
66.06000   0.20056
66.08000   0.20080
66.10000   0.20112
66.12000   0.20151
66.14000   0.20197
66.16000   0.20250
66.18000   0.20311
66.20000   0.20379
66.22000   0.20455
66.24000   0.20540
66.26000   0.20633
66.28000   0.20736
66.30000   0.20850
66.32000   0.20974
66.34000   0.21109
66.36000   0.21256
66.38000   0.21415
66.40000   0.21587
66.42000   0.21772
66.44000   0.21970
66.46000   0.22183
66.48000   0.22411
66.50000   0.22653
66.52000   0.22912
66.54000   0.23187
66.56000   0.23478
66.58000   0.23787
66.60000   0.24115
66.62000   0.24460
66.64000   0.24826
66.66000   0.25211
66.68000   0.25618
66.70000   0.26046
66.72000   0.26496
66.74000   0.26970
66.76000   0.27467
66.78000   0.27989
66.80000   0.28537
66.82000   0.29111
66.84000   0.29713
66.86000   0.30345
66.88000   0.31007
66.90000   0.31703
66.92000   0.32434
66.94000   0.33203
66.96000   0.34013
66.98000   0.34866
67.00000   0.35767
67.02000   0.36718
67.04000   0.37722
67.06000   0.38784
67.08000   0.39906
67.10000   0.41094
67.12000   0.42350
67.14000   0.43681
67.16000   0.45092
67.18000   0.46588
67.20000   0.48175
67.22000   0.49861
67.24000   0.51654
67.26000   0.53562
67.28000   0.55596
67.30000   0.57766
67.32000   0.60084
67.34000   0.62564
67.36000   0.65222
67.38000   0.68072
67.40000   0.71135
67.42000   0.74429
67.44000   0.77978
67.46000   0.81807
67.48000   0.85944
67.50000   0.90420
67.52000   0.95270
67.54000   1.00533
67.56000   1.06254
67.58000   1.12479
67.60000   1.19266
67.62000   1.26674
67.64000   1.34771
67.66000   1.43633
67.68000   1.53341
67.70000   1.63984
67.72000   1.75657
67.74000   1.88462
67.76000   2.02500
67.78000   2.17870
67.80000   2.34664
67.82000   2.52954
67.84000   2.72777
67.86000   2.94123
67.88000   3.16904
67.90000   3.40927
67.92000   3.65867
67.94000   3.91234
67.96000   4.16357
67.98000   4.40382
68.00000   4.62311
68.02000   4.81077
68.04000   4.95658
68.06000   5.05226
68.08000   5.09276
68.10000   5.07726
68.12000   5.00930
68.14000   4.89628
68.16000   4.74820
68.18000   4.57625
68.20000   4.39147
68.22000   4.20374
68.24000   4.02120
68.26000   3.85006
68.28000   3.69467
68.30000   3.55771
68.32000   3.44040
68.34000   3.34271
68.36000   3.26357
68.38000   3.20089
68.40000   3.15168
68.42000   3.11209
68.44000   3.07758
68.46000   3.04316
68.48000   3.00378
68.50000   2.95485
68.52000   2.89283
68.54000   2.81562
68.56000   2.72286
68.58000   2.61585
68.60000   2.49721
68.62000   2.37035
68.64000   2.23895
68.66000   2.10648
68.68000   1.97592
68.70000   1.84956
68.72000   1.72906
68.74000   1.61545
68.76000   1.50929
68.78000   1.41074
68.80000   1.31968
68.82000   1.23584
68.84000   1.15880
68.86000   1.08810
68.88000   1.02326
68.90000   0.96379
68.92000   0.90922
68.94000   0.85911
68.96000   0.81305
68.98000   0.77066
69.00000   0.73160
69.02000   0.69556
69.04000   0.66226
69.06000   0.63145
69.08000   0.60289
69.10000   0.57640
69.12000   0.55177
69.14000   0.52885
69.16000   0.50750
69.18000   0.48757
69.20000   0.46895
69.22000   0.45153
69.24000   0.43522
69.26000   0.41992
69.28000   0.40555
69.30000   0.39205
69.32000   0.37935
69.34000   0.36739
69.36000   0.35611
69.38000   0.34547
69.40000   0.33541
69.42000   0.32591
69.44000   0.31692
69.46000   0.30839
69.48000   0.30031
69.50000   0.29264
69.52000   0.28536
69.54000   0.27843
69.56000   0.27183
69.58000   0.26555
69.60000   0.25956
69.62000   0.25385
69.64000   0.24840
69.66000   0.24320
69.68000   0.23824
69.70000   0.23352
69.72000   0.22901
69.74000   0.22472
69.76000   0.22064
69.78000   0.21675
69.80000   0.21306
69.82000   0.20956
69.84000   0.20624
69.86000   0.20309
69.88000   0.20012
69.90000   0.19731
69.92000   0.19467
69.94000   0.19218
69.96000   0.18985
69.98000   0.18768
70.00000   0.18566
70.02000   0.18380
70.04000   0.18209
70.06000   0.18054
70.08000   0.17914
70.10000   0.17789
70.12000   0.17678
70.14000   0.17580
70.16000   0.17495
70.18000   0.17419
70.20000   0.17350
70.22000   0.17284
70.24000   0.17217
70.26000   0.17146
70.28000   0.17065
70.30000   0.16972
70.32000   0.16863
70.34000   0.16738
70.36000   0.16599
70.38000   0.16447
70.40000   0.16286
70.42000   0.16120
70.44000   0.15954
70.46000   0.15791
70.48000   0.15634
70.50000   0.15485
70.52000   0.15347
70.54000   0.15220
70.56000   0.15104
70.58000   0.15001
70.60000   0.14909
70.62000   0.14828
70.64000   0.14758
70.66000   0.14697
70.68000   0.14646
70.70000   0.14603
70.72000   0.14567
70.74000   0.14537
70.76000   0.14513
70.78000   0.14495
70.80000   0.14483
70.82000   0.14476
70.84000   0.14474
70.86000   0.14479
70.88000   0.14490
70.90000   0.14508
70.92000   0.14533
70.94000   0.14564
70.96000   0.14604
70.98000   0.14651
71.00000   0.14705
71.02000   0.14768
71.04000   0.14838
71.06000   0.14917
71.08000   0.15003
71.10000   0.15097
71.12000   0.15199
71.14000   0.15309
71.16000   0.15427
71.18000   0.15553
71.20000   0.15686
71.22000   0.15828
71.24000   0.15978
71.26000   0.16137
71.28000   0.16305
71.30000   0.16483
71.32000   0.16671
71.34000   0.16871
71.36000   0.17082
71.38000   0.17307
71.40000   0.17545
71.42000   0.17798
71.44000   0.18066
71.46000   0.18349
71.48000   0.18649
71.50000   0.18966
71.52000   0.19301
71.54000   0.19654
71.56000   0.20027
71.58000   0.20421
71.60000   0.20837
71.62000   0.21277
71.64000   0.21743
71.66000   0.22237
71.68000   0.22762
71.70000   0.23319
71.72000   0.23911
71.74000   0.24541
71.76000   0.25211
71.78000   0.25925
71.80000   0.26686
71.82000   0.27497
71.84000   0.28362
71.86000   0.29285
71.88000   0.30271
71.90000   0.31324
71.92000   0.32450
71.94000   0.33657
71.96000   0.34950
71.98000   0.36339
72.00000   0.37832
72.02000   0.39440
72.04000   0.41174
72.06000   0.43047
72.08000   0.45074
72.10000   0.47270
72.12000   0.49653
72.14000   0.52244
72.16000   0.55066
72.18000   0.58142
72.20000   0.61502
72.22000   0.65176
72.24000   0.69199
72.26000   0.73609
72.28000   0.78448
72.30000   0.83761
72.32000   0.89595
72.34000   0.96003
72.36000   1.03035
72.38000   1.10741
72.40000   1.19166
72.42000   1.28344
72.44000   1.38291
72.46000   1.48995
72.48000   1.60404
72.50000   1.72410
72.52000   1.84833
72.54000   1.97407
72.56000   2.09767
72.58000   2.21456
72.60000   2.31940
72.62000   2.40648
72.64000   2.47040
72.66000   2.50677
72.68000   2.51291
72.70000   2.48837
72.72000   2.43498
72.74000   2.35653
72.76000   2.25813
72.78000   2.14548
72.80000   2.02415
72.82000   1.89908
72.84000   1.77432
72.86000   1.65291
72.88000   1.53700
72.90000   1.42793
72.92000   1.32642
72.94000   1.23271
72.96000   1.14673
72.98000   1.06819
73.00000   0.99666
73.02000   0.93166
73.04000   0.87265
73.06000   0.81913
73.08000   0.77059
73.10000   0.72656
73.12000   0.68661
73.14000   0.65033
73.16000   0.61738
73.18000   0.58742
73.20000   0.56016
73.22000   0.53534
73.24000   0.51274
73.26000   0.49213
73.28000   0.47335
73.30000   0.45622
73.32000   0.44059
73.34000   0.42633
73.36000   0.41333
73.38000   0.40148
73.40000   0.39068
73.42000   0.38086
73.44000   0.37193
73.46000   0.36384
73.48000   0.35652
73.50000   0.34992
73.52000   0.34399
73.54000   0.33869
73.56000   0.33399
73.58000   0.32986
73.60000   0.32626
73.62000   0.32317
73.64000   0.32057
73.66000   0.31844
73.68000   0.31677
73.70000   0.31554
73.72000   0.31474
73.74000   0.31436
73.76000   0.31440
73.78000   0.31485
73.80000   0.31570
73.82000   0.31696
73.84000   0.31862
73.86000   0.32069
73.88000   0.32316
73.90000   0.32605
73.92000   0.32935
73.94000   0.33308
73.96000   0.33725
73.98000   0.34186
74.00000   0.34694
74.02000   0.35250
74.04000   0.35857
74.06000   0.36516
74.08000   0.37231
74.10000   0.38003
74.12000   0.38837
74.14000   0.39735
74.16000   0.40701
74.18000   0.41740
74.20000   0.42856
74.22000   0.44053
74.24000   0.45337
74.26000   0.46714
74.28000   0.48191
74.30000   0.49775
74.32000   0.51475
74.34000   0.53300
74.36000   0.55260
74.38000   0.57366
74.40000   0.59633
74.42000   0.62074
74.44000   0.64705
74.46000   0.67544
74.48000   0.70610
74.50000   0.73926
74.52000   0.77517
74.54000   0.81409
74.56000   0.85633
74.58000   0.90225
74.60000   0.95221
74.62000   1.00666
74.64000   1.06608
74.66000   1.13100
74.68000   1.20203
74.70000   1.27984
74.72000   1.36518
74.74000   1.45886
74.76000   1.56179
74.78000   1.67491
74.80000   1.79927
74.82000   1.93592
74.84000   2.08592
74.86000   2.25028
74.88000   2.42984
74.90000   2.62520
74.92000   2.83647
74.94000   3.06311
74.96000   3.30361
74.98000   3.55517
75.00000   3.81337
75.02000   4.07187
75.04000   4.32233
75.06000   4.55453
75.08000   4.75697
75.10000   4.91791
75.12000   5.02679
75.14000   5.07581
75.16000   5.06121
75.18000   4.98398
75.20000   4.84968
75.22000   4.66746
75.24000   4.44860
75.26000   4.20493
75.28000   3.94757
75.30000   3.68605
75.32000   3.42792
75.34000   3.17871
75.36000   2.94213
75.38000   2.72039
75.40000   2.51456
75.42000   2.32483
75.44000   2.15086
75.46000   1.99190
75.48000   1.84700
75.50000   1.71511
75.52000   1.59515
75.54000   1.48603
75.56000   1.38676
75.58000   1.29637
75.60000   1.21401
75.62000   1.13887
75.64000   1.07023
75.66000   1.00744
75.68000   0.94993
75.70000   0.89717
75.72000   0.84870
75.74000   0.80410
75.76000   0.76300
75.78000   0.72508
75.80000   0.69004
75.82000   0.65761
75.84000   0.62755
75.86000   0.59966
75.88000   0.57375
75.90000   0.54965
75.92000   0.52719
75.94000   0.50626
75.96000   0.48672
75.98000   0.46847
76.00000   0.45139
76.02000   0.43542
76.04000   0.42045
76.06000   0.40642
76.08000   0.39327
76.10000   0.38093
76.12000   0.36935
76.14000   0.35847
76.16000   0.34825
76.18000   0.33864
76.20000   0.32962
76.22000   0.32113
76.24000   0.31315
76.26000   0.30566
76.28000   0.29861
76.30000   0.29199
76.32000   0.28577
76.34000   0.27993
76.36000   0.27446
76.38000   0.26934
76.40000   0.26455
76.42000   0.26008
76.44000   0.25591
76.46000   0.25204
76.48000   0.24845
76.50000   0.24513
76.52000   0.24207
76.54000   0.23926
76.56000   0.23670
76.58000   0.23437
76.60000   0.23229
76.62000   0.23044
76.64000   0.22882
76.66000   0.22744
76.68000   0.22629
76.70000   0.22538
76.72000   0.22471
76.74000   0.22428
76.76000   0.22409
76.78000   0.22414
76.80000   0.22445
76.82000   0.22500
76.84000   0.22582
76.86000   0.22691
76.88000   0.22828
76.90000   0.22993
76.92000   0.23189
76.94000   0.23416
76.96000   0.23676
76.98000   0.23971
77.00000   0.24303
77.02000   0.24674
77.04000   0.25087
77.06000   0.25546
77.08000   0.26052
77.10000   0.26611
77.12000   0.27225
77.14000   0.27899
77.16000   0.28639
77.18000   0.29450
77.20000   0.30338
77.22000   0.31310
77.24000   0.32374
77.26000   0.33538
77.28000   0.34812
77.30000   0.36208
77.32000   0.37737
77.34000   0.39412
77.36000   0.41250
77.38000   0.43266
77.40000   0.45480
77.42000   0.47913
77.44000   0.50590
77.46000   0.53535
77.48000   0.56779
77.50000   0.60353
77.52000   0.64291
77.54000   0.68628
77.56000   0.73400
77.58000   0.78643
77.60000   0.84388
77.62000   0.90660
77.64000   0.97472
77.66000   1.04816
77.68000   1.12661
77.70000   1.20933
77.72000   1.29511
77.74000   1.38214
77.76000   1.46795
77.78000   1.54936
77.80000   1.62268
77.82000   1.68392
77.84000   1.72926
77.86000   1.75555
77.88000   1.76078
77.90000   1.74450
77.92000   1.70785
77.94000   1.65338
77.96000   1.58460
77.98000   1.50548
78.00000   1.41995
78.02000   1.33150
78.04000   1.24303
78.06000   1.15674
78.08000   1.07417
78.10000   0.99630
78.12000   0.92366
78.14000   0.85647
78.16000   0.79468
78.18000   0.73811
78.20000   0.68645
78.22000   0.63937
78.24000   0.59651
78.26000   0.55749
78.28000   0.52197
78.30000   0.48962
78.32000   0.46013
78.34000   0.43322
78.36000   0.40863
78.38000   0.38612
78.40000   0.36551
78.42000   0.34659
78.44000   0.32920
78.46000   0.31319
78.48000   0.29843
78.50000   0.28480
78.52000   0.27219
78.54000   0.26051
78.56000   0.24966
78.58000   0.23958
78.60000   0.23020
78.62000   0.22146
78.64000   0.21329
78.66000   0.20567
78.68000   0.19853
78.70000   0.19185
78.72000   0.18559
78.74000   0.17971
78.76000   0.17420
78.78000   0.16901
78.80000   0.16412
78.82000   0.15953
78.84000   0.15519
78.86000   0.15110
78.88000   0.14724
78.90000   0.14359
78.92000   0.14015
78.94000   0.13689
78.96000   0.13381
78.98000   0.13090
79.00000   0.12815
79.02000   0.12554
79.04000   0.12307
79.06000   0.12073
79.08000   0.11851
79.10000   0.11640
79.12000   0.11440
79.14000   0.11249
79.16000   0.11067
79.18000   0.10893
79.20000   0.10727
79.22000   0.10569
79.24000   0.10417
79.26000   0.10271
79.28000   0.10131
79.30000   0.09997
79.32000   0.09868
79.34000   0.09744
79.36000   0.09625
79.38000   0.09510
79.40000   0.09401
79.42000   0.09296
79.44000   0.09195
79.46000   0.09100
79.48000   0.09009
79.50000   0.08923
79.52000   0.08842
79.54000   0.08766
79.56000   0.08694
79.58000   0.08628
79.60000   0.08566
79.62000   0.08509
79.64000   0.08456
79.66000   0.08408
79.68000   0.08364
79.70000   0.08325
79.72000   0.08289
79.74000   0.08258
79.76000   0.08231
79.78000   0.08207
79.80000   0.08188
79.82000   0.08172
79.84000   0.08160
79.86000   0.08152
79.88000   0.08147
79.90000   0.08146
79.92000   0.08148
79.94000   0.08152
79.96000   0.08160
79.98000   0.08171
80.00000   0.08184
80.02000   0.08199
80.04000   0.08217
80.06000   0.08237
80.08000   0.08258
80.10000   0.08282
80.12000   0.08307
80.14000   0.08335
80.16000   0.08365
80.18000   0.08397
80.20000   0.08433
80.22000   0.08472
80.24000   0.08514
80.26000   0.08560
80.28000   0.08610
80.30000   0.08663
80.32000   0.08721
80.34000   0.08783
80.36000   0.08849
80.38000   0.08920
80.40000   0.08995
80.42000   0.09076
80.44000   0.09161
80.46000   0.09253
80.48000   0.09349
80.50000   0.09452
80.52000   0.09561
80.54000   0.09677
80.56000   0.09799
80.58000   0.09929
80.60000   0.10067
80.62000   0.10212
80.64000   0.10366
80.66000   0.10528
80.68000   0.10700
80.70000   0.10881
80.72000   0.11073
80.74000   0.11274
80.76000   0.11487
80.78000   0.11712
80.80000   0.11949
80.82000   0.12199
80.84000   0.12462
80.86000   0.12740
80.88000   0.13033
80.90000   0.13343
80.92000   0.13670
80.94000   0.14017
80.96000   0.14383
80.98000   0.14771
81.00000   0.15182
81.02000   0.15618
81.04000   0.16080
81.06000   0.16569
81.08000   0.17089
81.10000   0.17640
81.12000   0.18225
81.14000   0.18848
81.16000   0.19510
81.18000   0.20216
81.20000   0.20969
81.22000   0.21773
81.24000   0.22634
81.26000   0.23557
81.28000   0.24547
81.30000   0.25612
81.32000   0.26758
81.34000   0.27993
81.36000   0.29326
81.38000   0.30768
81.40000   0.32328
81.42000   0.34020
81.44000   0.35857
81.46000   0.37854
81.48000   0.40028
81.50000   0.42399
81.52000   0.44988
81.54000   0.47819
81.56000   0.50918
81.58000   0.54315
81.60000   0.58041
81.62000   0.62131
81.64000   0.66623
81.66000   0.71555
81.68000   0.76966
81.70000   0.82895
81.72000   0.89374
81.74000   0.96429
81.76000   1.04072
81.78000   1.12292
81.80000   1.21046
81.82000   1.30250
81.84000   1.39763
81.86000   1.49378
81.88000   1.58818
81.90000   1.67733
81.92000   1.75722
81.94000   1.82363
81.96000   1.87264
81.98000   1.90114
82.00000   1.90741
82.02000   1.89139
82.04000   1.85471
82.06000   1.80041
82.08000   1.73247
82.10000   1.65519
82.12000   1.57275
82.14000   1.48879
82.16000   1.40627
82.18000   1.32738
82.20000   1.25361
82.22000   1.18583
82.24000   1.12440
82.26000   1.06924
82.28000   1.01997
82.30000   0.97592
82.32000   0.93623
82.34000   0.89989
82.36000   0.86583
82.38000   0.83305
82.40000   0.80063
82.42000   0.76793
82.44000   0.73455
82.46000   0.70042
82.48000   0.66572
82.50000   0.63080
82.52000   0.59614
82.54000   0.56220
82.56000   0.52938
82.58000   0.49801
82.60000   0.46833
82.62000   0.44045
82.64000   0.41443
82.66000   0.39025
82.68000   0.36787
82.70000   0.34718
82.72000   0.32810
82.74000   0.31050
82.76000   0.29427
82.78000   0.27930
82.80000   0.26549
82.82000   0.25273
82.84000   0.24093
82.86000   0.23001
82.88000   0.21989
82.90000   0.21050
82.92000   0.20177
82.94000   0.19365
82.96000   0.18608
82.98000   0.17903
83.00000   0.17243
83.02000   0.16627
83.04000   0.16049
83.06000   0.15508
83.08000   0.14999
83.10000   0.14522
83.12000   0.14072
83.14000   0.13648
83.16000   0.13249
83.18000   0.12872
83.20000   0.12516
83.22000   0.12179
83.24000   0.11861
83.26000   0.11561
83.28000   0.11276
83.30000   0.11006
83.32000   0.10750
83.34000   0.10508
83.36000   0.10278
83.38000   0.10059
83.40000   0.09851
83.42000   0.09654
83.44000   0.09466
83.46000   0.09286
83.48000   0.09115
83.50000   0.08952
83.52000   0.08796
83.54000   0.08647
83.56000   0.08505
83.58000   0.08369
83.60000   0.08240
83.62000   0.08117
83.64000   0.08000
83.66000   0.07889
83.68000   0.07784
83.70000   0.07684
83.72000   0.07589
83.74000   0.07499
83.76000   0.07414
83.78000   0.07333
83.80000   0.07257
83.82000   0.07185
83.84000   0.07116
83.86000   0.07052
83.88000   0.06992
83.90000   0.06935
83.92000   0.06882
83.94000   0.06833
83.96000   0.06788
83.98000   0.06746
84.00000   0.06707
84.02000   0.06671
84.04000   0.06637
84.06000   0.06606
84.08000   0.06575
84.10000   0.06546
84.12000   0.06518
84.14000   0.06489
84.16000   0.06460
84.18000   0.06431
84.20000   0.06402
84.22000   0.06373
84.24000   0.06343
84.26000   0.06313
84.28000   0.06284
84.30000   0.06256
84.32000   0.06230
84.34000   0.06205
84.36000   0.06183
84.38000   0.06164
84.40000   0.06147
84.42000   0.06134
84.44000   0.06124
84.46000   0.06117
84.48000   0.06114
84.50000   0.06114
84.52000   0.06117
84.54000   0.06123
84.56000   0.06133
84.58000   0.06145
84.60000   0.06161
84.62000   0.06180
84.64000   0.06202
84.66000   0.06227
84.68000   0.06256
84.70000   0.06289
84.72000   0.06324
84.74000   0.06364
84.76000   0.06406
84.78000   0.06453
84.80000   0.06502
84.82000   0.06556
84.84000   0.06614
84.86000   0.06675
84.88000   0.06740
84.90000   0.06810
84.92000   0.06884
84.94000   0.06962
84.96000   0.07045
84.98000   0.07133
85.00000   0.07226
85.02000   0.07324
85.04000   0.07428
85.06000   0.07539
85.08000   0.07655
85.10000   0.07779
85.12000   0.07909
85.14000   0.08048
85.16000   0.08194
85.18000   0.08349
85.20000   0.08514
85.22000   0.08688
85.24000   0.08872
85.26000   0.09066
85.28000   0.09272
85.30000   0.09490
85.32000   0.09721
85.34000   0.09965
85.36000   0.10224
85.38000   0.10499
85.40000   0.10790
85.42000   0.11100
85.44000   0.11430
85.46000   0.11782
85.48000   0.12157
85.50000   0.12557
85.52000   0.12986
85.54000   0.13444
85.56000   0.13935
85.58000   0.14461
85.60000   0.15025
85.62000   0.15631
85.64000   0.16283
85.66000   0.16985
85.68000   0.17741
85.70000   0.18556
85.72000   0.19438
85.74000   0.20391
85.76000   0.21424
85.78000   0.22544
85.80000   0.23762
85.82000   0.25087
85.84000   0.26532
85.86000   0.28110
85.88000   0.29835
85.90000   0.31724
85.92000   0.33795
85.94000   0.36067
85.96000   0.38562
85.98000   0.41305
86.00000   0.44319
86.02000   0.47630
86.04000   0.51265
86.06000   0.55247
86.08000   0.59597
86.10000   0.64330
86.12000   0.69448
86.14000   0.74938
86.16000   0.80763
86.18000   0.86855
86.20000   0.93107
86.22000   0.99365
86.24000   1.05426
86.26000   1.11042
86.28000   1.15935
86.30000   1.19822
86.32000   1.22448
86.34000   1.23626
86.36000   1.23266
86.38000   1.21395
86.40000   1.18148
86.42000   1.13747
86.44000   1.08465
86.46000   1.02588
86.48000   0.96383
86.50000   0.90079
86.52000   0.83858
86.54000   0.77853
86.56000   0.72153
86.58000   0.66810
86.60000   0.61850
86.62000   0.57278
86.64000   0.53084
86.66000   0.49252
86.68000   0.45758
86.70000   0.42577
86.72000   0.39682
86.74000   0.37048
86.76000   0.34650
86.78000   0.32466
86.80000   0.30475
86.82000   0.28657
86.84000   0.26995
86.86000   0.25475
86.88000   0.24081
86.90000   0.22803
86.92000   0.21627
86.94000   0.20546
86.96000   0.19548
86.98000   0.18628
87.00000   0.17777
87.02000   0.16989
87.04000   0.16258
87.06000   0.15580
87.08000   0.14948
87.10000   0.14361
87.12000   0.13812
87.14000   0.13300
87.16000   0.12821
87.18000   0.12372
87.20000   0.11952
87.22000   0.11557
87.24000   0.11187
87.26000   0.10838
87.28000   0.10510
87.30000   0.10202
87.32000   0.09911
87.34000   0.09637
87.36000   0.09378
87.38000   0.09134
87.40000   0.08904
87.42000   0.08687
87.44000   0.08481
87.46000   0.08287
87.48000   0.08103
87.50000   0.07929
87.52000   0.07764
87.54000   0.07608
87.56000   0.07460
87.58000   0.07319
87.60000   0.07185
87.62000   0.07058
87.64000   0.06937
87.66000   0.06821
87.68000   0.06712
87.70000   0.06608
87.72000   0.06509
87.74000   0.06415
87.76000   0.06326
87.78000   0.06241
87.80000   0.06160
87.82000   0.06083
87.84000   0.06010
87.86000   0.05941
87.88000   0.05874
87.90000   0.05811
87.92000   0.05751
87.94000   0.05693
87.96000   0.05638
87.98000   0.05586
88.00000   0.05537
88.02000   0.05490
88.04000   0.05446
88.06000   0.05405
88.08000   0.05366
88.10000   0.05330
88.12000   0.05295
88.14000   0.05263
88.16000   0.05233
88.18000   0.05206
88.20000   0.05180
88.22000   0.05155
88.24000   0.05133
88.26000   0.05112
88.28000   0.05092
88.30000   0.05074
88.32000   0.05057
88.34000   0.05041
88.36000   0.05027
88.38000   0.05014
88.40000   0.05002
88.42000   0.04992
88.44000   0.04983
88.46000   0.04976
88.48000   0.04971
88.50000   0.04967
88.52000   0.04966
88.54000   0.04966
88.56000   0.04968
88.58000   0.04971
88.60000   0.04976
88.62000   0.04983
88.64000   0.04991
88.66000   0.05001
88.68000   0.05013
88.70000   0.05025
88.72000   0.05040
88.74000   0.05056
88.76000   0.05073
88.78000   0.05092
88.80000   0.05113
88.82000   0.05136
88.84000   0.05160
88.86000   0.05186
88.88000   0.05214
88.90000   0.05244
88.92000   0.05275
88.94000   0.05309
88.96000   0.05344
88.98000   0.05381
89.00000   0.05420
89.02000   0.05460
89.04000   0.05502
89.06000   0.05546
89.08000   0.05591
89.10000   0.05637
89.12000   0.05685
89.14000   0.05735
89.16000   0.05787
89.18000   0.05840
89.20000   0.05895
89.22000   0.05953
89.24000   0.06012
89.26000   0.06075
89.28000   0.06139
89.30000   0.06207
89.32000   0.06277
89.34000   0.06350
89.36000   0.06427
89.38000   0.06506
89.40000   0.06589
89.42000   0.06675
89.44000   0.06764
89.46000   0.06857
89.48000   0.06954
89.50000   0.07054
89.52000   0.07158
89.54000   0.07267
89.56000   0.07380
89.58000   0.07499
89.60000   0.07622
89.62000   0.07752
89.64000   0.07887
89.66000   0.08028
89.68000   0.08176
89.70000   0.08332
89.72000   0.08494
89.74000   0.08664
89.76000   0.08842
89.78000   0.09029
89.80000   0.09224
89.82000   0.09429
89.84000   0.09644
89.86000   0.09869
89.88000   0.10106
89.90000   0.10355
89.92000   0.10616
89.94000   0.10891
89.96000   0.11180
89.98000   0.11485
90.00000   0.11806
